{
 "cells": [
  {
   "cell_type": "code",
   "execution_count": 13,
   "metadata": {},
   "outputs": [],
   "source": [
    "import pickle\n",
    "import warnings\n",
    "import numpy as np\n",
    "import pandas as pd\n",
    "from sklearn.metrics import pairwise_distances, accuracy_score\n",
    "from scipy.spatial.distance import cdist, pdist\n",
    "from sklearn.base import BaseEstimator, ClassifierMixin\n",
    "from sklearn.model_selection import StratifiedKFold\n",
    "from sklearn_lvq import GlvqModel\n",
    "from scipy.special import softmax\n",
    "\n",
    "import seaborn as sns\n",
    "import matplotlib.pyplot as plt\n",
    "# %matplotlib notebook\n",
    "\n",
    "sns.set(font_scale=2)\n",
    "sns.set_style('white')\n",
    "sns.set_context('poster')"
   ]
  },
  {
   "cell_type": "code",
   "execution_count": 2,
   "metadata": {},
   "outputs": [],
   "source": [
    "def bipolarize(Y):\n",
    "    X = np.copy(Y)\n",
    "    X[X > 0] = 1.0\n",
    "    X[X < 0] = -1.0\n",
    "    X[X == 0] = np.random.choice([-1.0, 1.0], size=len(X[X == 0]))\n",
    "    return X"
   ]
  },
  {
   "cell_type": "code",
   "execution_count": 3,
   "metadata": {},
   "outputs": [],
   "source": [
    "def centroids(X,label=None):\n",
    "    if label is not None:\n",
    "        cLabel = np.unique(label)\n",
    "        c = np.zeros((len(cLabel), X.shape[1]))\n",
    "        for i,l in enumerate(cLabel):\n",
    "            c[i,:] = bipolarize(np.sum(X[label==l],axis=0))\n",
    "    else:\n",
    "        c = bipolarize(np.sum(X,axis=0)).reshape(1,-1)\n",
    "        cLabel = [0]\n",
    "    return cLabel, c.astype('int')"
   ]
  },
  {
   "cell_type": "code",
   "execution_count": 4,
   "metadata": {},
   "outputs": [],
   "source": [
    "def classify(v,am,metric):\n",
    "    d = cdist(v,am,metric)\n",
    "    label = np.argmin(d,axis=1)\n",
    "    return label"
   ]
  },
  {
   "cell_type": "code",
   "execution_count": 5,
   "metadata": {},
   "outputs": [],
   "source": [
    "# select dataset and encoding type\n",
    "dataName = 'allHV.npz'\n",
    "emgHVType =  'hvRelAcc'\n",
    "\n",
    "allHV = np.load(dataName)\n",
    "\n",
    "# extract data and labels based on gesture, trial, and position\n",
    "hv = allHV[emgHVType]\n",
    "gestLabel = allHV['gestLabel']\n",
    "posLabel = allHV['posLabel']\n",
    "trialLabel = allHV['trialLabel']\n",
    "\n",
    "combGP, groupGP = np.unique(np.column_stack((gestLabel,posLabel)),axis=0,return_inverse=True)\n",
    "combGPT, groupGPT = np.unique(np.column_stack((gestLabel,posLabel,trialLabel)),axis=0,return_inverse=True)\n",
    "\n",
    "# get list of unique values for each label\n",
    "gestures = np.unique(gestLabel)\n",
    "positions = np.unique(posLabel)\n",
    "trials = np.unique(trialLabel)\n",
    "\n",
    "numGestures = len(gestures)\n",
    "numPositions = len(positions)\n",
    "numTrials = len(trials)\n",
    "\n",
    "# get data size info\n",
    "D = hv.shape[1] # hypervector dimension\n",
    "numHV = 80 # number of examples per trial\n",
    "\n",
    "# color palettes for plotting\n",
    "gPalette = sns.color_palette('tab20', numGestures)\n",
    "pPalette = sns.color_palette('tab20', numPositions)"
   ]
  },
  {
   "cell_type": "code",
   "execution_count": 6,
   "metadata": {
    "collapsed": true,
    "jupyter": {
     "outputs_hidden": true
    }
   },
   "outputs": [
    {
     "name": "stdout",
     "output_type": "stream",
     "text": [
      "Running cross validation split 1 of 10...\n",
      "[[0.125 0.125 0.125 0.125 0.125 0.125 0.125 0.125]\n",
      " [0.125 0.125 0.125 0.125 0.125 0.125 0.125 0.125]\n",
      " [0.125 0.125 0.125 0.125 0.125 0.125 0.125 0.125]\n",
      " [0.125 0.125 0.125 0.125 0.125 0.125 0.125 0.125]\n",
      " [0.125 0.125 0.125 0.125 0.125 0.125 0.125 0.125]\n",
      " [0.125 0.125 0.125 0.125 0.125 0.125 0.125 0.125]\n",
      " [0.125 0.125 0.125 0.125 0.125 0.125 0.125 0.125]\n",
      " [0.125 0.125 0.125 0.125 0.125 0.125 0.125 0.125]\n",
      " [0.125 0.125 0.125 0.125 0.125 0.125 0.125 0.125]\n",
      " [0.125 0.125 0.125 0.125 0.125 0.125 0.125 0.125]\n",
      " [0.125 0.125 0.125 0.125 0.125 0.125 0.125 0.125]\n",
      " [0.125 0.125 0.125 0.125 0.125 0.125 0.125 0.125]\n",
      " [0.125 0.125 0.125 0.125 0.125 0.125 0.125 0.125]] 0.8847934472934473\n",
      "[[0.12493942 0.12493942 0.12493942 0.12493942 0.12503581 0.12493942\n",
      "  0.12493942 0.12532768]\n",
      " [0.12131297 0.12139254 0.12147247 0.12204249 0.12131297 0.12131297\n",
      "  0.13710247 0.13405111]\n",
      " [0.12157981 0.12182335 0.12464285 0.12157981 0.12157981 0.12166061\n",
      "  0.14386461 0.12326914]\n",
      " [0.12389015 0.12389015 0.12398168 0.12435204 0.12389015 0.12389015\n",
      "  0.12453981 0.13156587]\n",
      " [0.12349532 0.12349532 0.12658181 0.12349532 0.12349532 0.12349532\n",
      "  0.12637522 0.12956635]\n",
      " [0.12432881 0.12451637 0.12432881 0.12432881 0.12432881 0.12432881\n",
      "  0.12618267 0.1276569 ]\n",
      " [0.12173612 0.12173612 0.13653799 0.12189956 0.12173612 0.12173612\n",
      "  0.12416785 0.13045012]\n",
      " [0.12366423 0.12339531 0.12698803 0.12339531 0.12375471 0.12339531\n",
      "  0.12585493 0.12955218]\n",
      " [0.12035089 0.12035089 0.14735276 0.12035089 0.12035089 0.12035089\n",
      "  0.12065339 0.13023937]\n",
      " [0.12100478 0.12108291 0.1213991  0.12100478 0.12100478 0.12324675\n",
      "  0.1499374  0.1213195 ]\n",
      " [0.12125287 0.12125287 0.13564762 0.12125287 0.12125287 0.12125287\n",
      "  0.12812304 0.12996497]\n",
      " [0.12421334 0.12575466 0.12244051 0.12384552 0.1226105  0.13429514\n",
      "  0.12439982 0.12244051]\n",
      " [0.12023813 0.12016389 0.12377823 0.12107778 0.1204629  0.1222939\n",
      "  0.1264926  0.14549257]] 0.9227653133903133\n",
      "[[0.1245436  0.1245436  0.1245436  0.12463839 0.12462393 0.1245436\n",
      "  0.1245436  0.12801968]\n",
      " [0.12059336 0.1211163  0.12090766 0.12222003 0.12059336 0.12059336\n",
      "  0.13604281 0.13793314]\n",
      " [0.12110185 0.12158151 0.12517561 0.12110185 0.12110185 0.12135323\n",
      "  0.14149173 0.12709238]\n",
      " [0.12315331 0.12315331 0.12332198 0.12391039 0.12315331 0.12315331\n",
      "  0.12435054 0.13580385]\n",
      " [0.12194979 0.12194979 0.12725728 0.12194979 0.12194979 0.12194979\n",
      "  0.12941955 0.13357425]\n",
      " [0.1236692  0.12391859 0.1237623  0.1236692  0.1236692  0.1237623\n",
      "  0.12746818 0.13008103]\n",
      " [0.11994082 0.11994082 0.13763868 0.12007702 0.11994082 0.11994082\n",
      "  0.12442971 0.13809131]\n",
      " [0.12240554 0.12218143 0.12847435 0.12218143 0.12257073 0.12218143\n",
      "  0.12742548 0.1325796 ]\n",
      " [0.11706757 0.11706757 0.16193304 0.11706757 0.11706757 0.11706757\n",
      "  0.11803338 0.13469574]\n",
      " [0.12031276 0.12246602 0.12100537 0.12031276 0.12031276 0.12529099\n",
      "  0.14972432 0.12057503]\n",
      " [0.11999307 0.11999307 0.13805603 0.11999307 0.11999307 0.11999307\n",
      "  0.12967904 0.13229956]\n",
      " [0.12297496 0.12381401 0.12087694 0.12222307 0.12093156 0.1417119\n",
      "  0.12623843 0.12122914]\n",
      " [0.11847102 0.11840916 0.12760924 0.12012538 0.11865833 0.12537404\n",
      "  0.12781149 0.14354134]] 0.9357638888888888\n",
      "[[0.12452187 0.12452187 0.12452187 0.12460086 0.12458881 0.12452187\n",
      "  0.12452187 0.12820098]\n",
      " [0.12042795 0.12104916 0.1208753  0.12263162 0.12042795 0.12042795\n",
      "  0.13724698 0.13691309]\n",
      " [0.1208633  0.12154197 0.1262946  0.1208633  0.1208633  0.12125832\n",
      "  0.14082662 0.12748859]\n",
      " [0.12283316 0.12283316 0.12306748 0.12384172 0.12283316 0.12283316\n",
      "  0.12449638 0.13726178]\n",
      " [0.12088535 0.12088535 0.12777197 0.12088535 0.12088535 0.12088535\n",
      "  0.12997991 0.13782136]\n",
      " [0.12315664 0.12345773 0.12332749 0.12315664 0.12315664 0.12332749\n",
      "  0.12827236 0.132145  ]\n",
      " [0.11894699 0.11894699 0.13989407 0.1192372  0.11894699 0.11894699\n",
      "  0.12433859 0.14074218]\n",
      " [0.12152994 0.121253   0.12858092 0.121253   0.1216676  0.121253\n",
      "  0.12925434 0.13520821]\n",
      " [0.11533804 0.11533804 0.16878578 0.11533804 0.11533804 0.11533804\n",
      "  0.11664375 0.13788027]\n",
      " [0.1196024  0.1228839  0.12045009 0.1196024  0.1196024  0.12653013\n",
      "  0.1511462  0.12018247]\n",
      " [0.11915307 0.11915307 0.14022323 0.11915307 0.11915307 0.11915307\n",
      "  0.13133689 0.13267453]\n",
      " [0.12231232 0.12264763 0.12020006 0.12141218 0.11980008 0.14735395\n",
      "  0.12578021 0.12049356]\n",
      " [0.11753514 0.11748359 0.12825509 0.11989646 0.11777851 0.12764433\n",
      "  0.12873013 0.14267674]] 0.9424412393162392\n",
      "[[0.12451647 0.12451647 0.12451647 0.12467858 0.12457225 0.12451647\n",
      "  0.12451647 0.12816682]\n",
      " [0.12036829 0.12097883 0.12102096 0.12286383 0.12036829 0.12036829\n",
      "  0.13694393 0.13708757]\n",
      " [0.120653   0.12149734 0.12691139 0.120653   0.120653   0.12116761\n",
      "  0.14015334 0.12831134]\n",
      " [0.12257987 0.12257987 0.12286896 0.12379824 0.12257987 0.12257987\n",
      "  0.12463186 0.13838146]\n",
      " [0.12021036 0.12021036 0.12864434 0.12021036 0.12021036 0.12021036\n",
      "  0.13079432 0.13950953]\n",
      " [0.12278219 0.12312661 0.12301807 0.12278219 0.12278219 0.12301807\n",
      "  0.12900029 0.13349039]\n",
      " [0.11810035 0.11810035 0.14221954 0.11851872 0.11810035 0.11810035\n",
      "  0.12405249 0.14280787]\n",
      " [0.12122927 0.12072326 0.12834292 0.12072326 0.12116008 0.12072326\n",
      "  0.13096006 0.13613788]\n",
      " [0.11476407 0.11476407 0.17097779 0.11476407 0.11476407 0.11476407\n",
      "  0.11646642 0.13873545]\n",
      " [0.11920641 0.12354082 0.12018606 0.11920641 0.11920641 0.12799474\n",
      "  0.1506961  0.11996305]\n",
      " [0.118596   0.118596   0.14118192 0.118596   0.118596   0.118596\n",
      "  0.13289203 0.13294607]\n",
      " [0.12187033 0.12178383 0.11956376 0.12084514 0.1189629  0.15128002\n",
      "  0.12570526 0.11998878]\n",
      " [0.1169312  0.11688824 0.12910095 0.11970673 0.11731061 0.12859199\n",
      "  0.12919031 0.14227997]] 0.9454683048433048\n",
      "[[0.1244873  0.1244873  0.1244873  0.12471855 0.12453378 0.1244873\n",
      "  0.1244873  0.12831118]\n",
      " [0.12025391 0.12085525 0.12107678 0.12289538 0.12025391 0.12025391\n",
      "  0.13725218 0.13715868]\n",
      " [0.1204982  0.12148089 0.12734743 0.1204982  0.1204982  0.12111266\n",
      "  0.14015009 0.12841434]\n",
      " [0.12242078 0.12242078 0.12275575 0.12381498 0.12242078 0.12242078\n",
      "  0.12470175 0.1390444 ]\n",
      " [0.11983727 0.11983727 0.12917624 0.11983727 0.11983727 0.11983727\n",
      "  0.13127519 0.14036223]\n",
      " [0.12254691 0.1229278  0.12283735 0.12254691 0.12254691 0.12283735\n",
      "  0.1294866  0.13427017]\n",
      " [0.1175157  0.1175157  0.14373032 0.11804201 0.1175157  0.1175157\n",
      "  0.12394426 0.14422059]\n",
      " [0.12112037 0.12042151 0.12829503 0.12042151 0.1208775  0.12042151\n",
      "  0.13201078 0.13643178]\n",
      " [0.11432477 0.11432477 0.17286789 0.11432477 0.11432477 0.11432477\n",
      "  0.11644853 0.13905972]\n",
      " [0.11871697 0.12372252 0.11989555 0.11871697 0.11871697 0.1294493\n",
      "  0.15116318 0.11961853]\n",
      " [0.11834792 0.11834792 0.14259736 0.11834792 0.11834792 0.11834792\n",
      "  0.13286007 0.13280295]\n",
      " [0.12163739 0.12101524 0.11907498 0.12050612 0.1183951  0.15357473\n",
      "  0.12627708 0.11951936]\n",
      " [0.11664112 0.11660533 0.1295412  0.1197709  0.11722581 0.12911706\n",
      "  0.1292128  0.14188578]] 0.9472044159544161\n",
      "[[0.12446299 0.12446299 0.12446299 0.12475186 0.12450172 0.12446299\n",
      "  0.12446299 0.12843149]\n",
      " [0.12020958 0.1208035  0.12117499 0.12297409 0.12020958 0.12020958\n",
      "  0.1372483  0.13717038]\n",
      " [0.12047721 0.1215767  0.12752829 0.12047721 0.12047721 0.12117588\n",
      "  0.14016535 0.12812214]\n",
      " [0.12230154 0.12230154 0.12267481 0.12384251 0.12230154 0.12230154\n",
      "  0.1247737  0.1395028 ]\n",
      " [0.11952636 0.11952636 0.12961949 0.11952636 0.11952636 0.11952636\n",
      "  0.13167592 0.14107282]\n",
      " [0.12235232 0.12276359 0.12268822 0.12235232 0.12235232 0.12278253\n",
      "  0.12989344 0.13481527]\n",
      " [0.11705277 0.11705277 0.14490472 0.11766924 0.11705277 0.11705277\n",
      "  0.12378508 0.14542989]\n",
      " [0.12098736 0.12022015 0.12830906 0.12022015 0.12078496 0.12022015\n",
      "  0.13252338 0.1367348 ]\n",
      " [0.11419106 0.11419106 0.17370224 0.11419106 0.11419106 0.11419106\n",
      "  0.11658407 0.13875838]\n",
      " [0.11831802 0.12359686 0.11966254 0.11831802 0.11831802 0.13067191\n",
      "  0.15168294 0.11943169]\n",
      " [0.11818483 0.11818483 0.14314772 0.11818483 0.11818483 0.11818483\n",
      "  0.13329718 0.13263097]\n",
      " [0.12134871 0.12064606 0.11866589 0.12031368 0.11800955 0.15535743\n",
      "  0.12625919 0.1193995 ]\n",
      " [0.11629347 0.11626363 0.12978692 0.11980631 0.11704773 0.12933261\n",
      "  0.12971637 0.14175296]] 0.9486289173789173\n",
      "[[0.12446706 0.12446706 0.12446706 0.12470779 0.12449934 0.12446706\n",
      "  0.12446706 0.12845755]\n",
      " [0.12013595 0.1207235  0.12131355 0.12300196 0.12013595 0.12013595\n",
      "  0.13730904 0.13724411]\n",
      " [0.12042701 0.12162338 0.1276441  0.12042701 0.12042701 0.12119555\n",
      "  0.13981809 0.12843786]\n",
      " [0.12219041 0.12219041 0.12259554 0.12385346 0.12219041 0.12219041\n",
      "  0.12491828 0.13987108]\n",
      " [0.11934297 0.11934297 0.12997159 0.11934297 0.11934297 0.11934297\n",
      "  0.13188952 0.14142404]\n",
      " [0.12220301 0.12263967 0.12257686 0.12220301 0.12220301 0.12274982\n",
      "  0.13024646 0.13517815]\n",
      " [0.11676011 0.11676011 0.14542794 0.11745259 0.11676011 0.11676011\n",
      "  0.12375225 0.14632677]\n",
      " [0.12072505 0.12008571 0.12835669 0.12008571 0.12064874 0.12008571\n",
      "  0.133093   0.1369194 ]\n",
      " [0.11404339 0.11404339 0.17434073 0.11404339 0.11404339 0.11404339\n",
      "  0.11665957 0.13878274]\n",
      " [0.11814397 0.12365959 0.11962973 0.11814397 0.11814397 0.13166519\n",
      "  0.15126821 0.11934538]\n",
      " [0.11808531 0.11808531 0.1436516  0.11808531 0.11808531 0.11808531\n",
      "  0.13349495 0.1324269 ]\n",
      " [0.12116295 0.12020973 0.11819865 0.11993274 0.11756251 0.15679129\n",
      "  0.12669607 0.11944605]\n",
      " [0.11613481 0.11610995 0.1303461  0.11997308 0.11703222 0.12966144\n",
      "  0.12948048 0.14126193]] 0.9488960113960113\n",
      "[[0.12444612 0.12444612 0.12444612 0.1247429  0.12447303 0.12444612\n",
      "  0.12444612 0.12855346]\n",
      " [0.12009993 0.12068231 0.12145484 0.12305124 0.12009993 0.12009993\n",
      "  0.13717713 0.13733467]\n",
      " [0.12038126 0.12165831 0.12763774 0.12038126 0.12038126 0.121208\n",
      "  0.13995428 0.1283979 ]\n",
      " [0.12212286 0.12212286 0.12255466 0.12388812 0.12212286 0.12212286\n",
      "  0.12496781 0.14009796]\n",
      " [0.11917705 0.11917705 0.13025043 0.11917705 0.11917705 0.11917705\n",
      "  0.1320528  0.14181154]\n",
      " [0.1220662  0.12252396 0.12247162 0.1220662  0.1220662  0.12271006\n",
      "  0.13062921 0.13546657]\n",
      " [0.11660684 0.11660684 0.14563837 0.1173635  0.11660684 0.11660684\n",
      "  0.12372643 0.14684436]\n",
      " [0.1207215  0.12000331 0.12842828 0.12000331 0.12065791 0.12000331\n",
      "  0.1333923  0.13679008]\n",
      " [0.11397887 0.11397887 0.17455515 0.11397887 0.11397887 0.11397887\n",
      "  0.11678296 0.13876755]\n",
      " [0.11794312 0.12365289 0.11954554 0.11794312 0.11794312 0.13232304\n",
      "  0.15143226 0.11921689]\n",
      " [0.11799016 0.11799016 0.14405631 0.11799016 0.11799016 0.11799016\n",
      "  0.13374973 0.13224318]\n",
      " [0.12105162 0.11988879 0.11794098 0.12002645 0.11732106 0.15791896\n",
      "  0.12632403 0.11952811]\n",
      " [0.11594078 0.11592006 0.13043564 0.11986234 0.11695661 0.12976433\n",
      "  0.13001937 0.14110085]] 0.9494747150997151\n",
      "[[0.12444103 0.12444103 0.12444103 0.12478457 0.12446345 0.12444103\n",
      "  0.12444103 0.12854682]\n",
      " [0.12005583 0.12063382 0.12146425 0.12307782 0.12005583 0.12005583\n",
      "  0.13726266 0.13739395]\n",
      " [0.12033123 0.12167534 0.1276198  0.12033123 0.12033123 0.12120635\n",
      "  0.14005383 0.12845099]\n",
      " [0.12209303 0.12209303 0.12254717 0.12394395 0.12209303 0.12209303\n",
      "  0.12503629 0.14010048]\n",
      " [0.11908814 0.11908814 0.13053771 0.11908814 0.11908814 0.11908814\n",
      "  0.13193809 0.14208348]\n",
      " [0.12195218 0.12242753 0.12238391 0.12195218 0.12195218 0.12267693\n",
      "  0.13094816 0.13570692]\n",
      " [0.11649179 0.11649179 0.14582979 0.117212   0.11649179 0.11649179\n",
      "  0.1238141  0.14717694]\n",
      " [0.12073109 0.11994707 0.12850133 0.11994707 0.1206781  0.11994707\n",
      "  0.13355182 0.13669647]\n",
      " [0.11396476 0.11396476 0.17465964 0.11396476 0.11396476 0.11396476\n",
      "  0.11692675 0.1385898 ]\n",
      " [0.11774411 0.1238052  0.11944316 0.11774411 0.11774411 0.13293926\n",
      "  0.15141076 0.11916928]\n",
      " [0.11792308 0.11792308 0.14440876 0.11792308 0.11792308 0.11792308\n",
      "  0.13387208 0.13210374]\n",
      " [0.12081831 0.11957424 0.1176798  0.1198719  0.11707361 0.15879355\n",
      "  0.12654734 0.11964126]\n",
      " [0.11588959 0.11587233 0.13084014 0.11997754 0.11700566 0.13007663\n",
      "  0.12998655 0.14035155]] 0.9501869658119658\n",
      "[[0.12442443 0.12442443 0.12442443 0.12480687 0.12444311 0.12442443\n",
      "  0.12442443 0.12862785]\n",
      " [0.1200699  0.12064447 0.12152362 0.12315223 0.1200699  0.1200699\n",
      "  0.13718029 0.1372897 ]\n",
      " [0.12037706 0.12177828 0.1275992  0.12037706 0.12037706 0.12129331\n",
      "  0.13980755 0.12839046]\n",
      " [0.12208133 0.12208133 0.12255415 0.12400389 0.12208133 0.12208133\n",
      "  0.12510688 0.14000976]\n",
      " [0.11902717 0.11902717 0.13079169 0.11902717 0.11902717 0.11902717\n",
      "  0.13185701 0.14221545]\n",
      " [0.12186998 0.12236003 0.12232368 0.12186998 0.12186998 0.12266224\n",
      "  0.13122793 0.13581618]\n",
      " [0.11643561 0.11643561 0.14615332 0.11712561 0.11643561 0.11643561\n",
      "  0.12392969 0.14704895]\n",
      " [0.12075175 0.11991275 0.12857572 0.11991275 0.12070759 0.11991275\n",
      "  0.13369885 0.13652782]\n",
      " [0.11392212 0.11392212 0.17497036 0.11392212 0.11392212 0.11392212\n",
      "  0.11701468 0.13840434]\n",
      " [0.1175539  0.12390612 0.11933301 0.1175539  0.1175539  0.13342439\n",
      "  0.15147813 0.11919664]\n",
      " [0.11789011 0.11789011 0.14484414 0.11789011 0.11789011 0.11789011\n",
      "  0.13379343 0.13191187]\n",
      " [0.12075369 0.11934869 0.11749822 0.11978002 0.11690331 0.15944711\n",
      "  0.126773   0.11949597]\n",
      " [0.11581447 0.11580008 0.13033614 0.11994703 0.11701361 0.13009805\n",
      "  0.13022485 0.14076578]] 0.949474715099715\n",
      "[[0.12442296 0.12442296 0.12442296 0.12483788 0.12443852 0.12442296\n",
      "  0.12442296 0.12860881]\n",
      " [0.12003224 0.12060374 0.12161701 0.12316346 0.12003224 0.12003224\n",
      "  0.13726696 0.13725212]\n",
      " [0.12033953 0.12178728 0.12779805 0.12033953 0.12033953 0.12128935\n",
      "  0.13994536 0.12816136]\n",
      " [0.12205842 0.12205842 0.12254674 0.12404043 0.12205842 0.12205842\n",
      "  0.12515218 0.14002698]\n",
      " [0.11896325 0.11896325 0.13098876 0.11896325 0.11896325 0.11896325\n",
      "  0.13177493 0.14242008]\n",
      " [0.12181388 0.12231625 0.12228596 0.12181388 0.12181388 0.12266252\n",
      "  0.13137247 0.13592117]\n",
      " [0.11637564 0.11637564 0.14629252 0.11704042 0.11637564 0.11637564\n",
      "  0.12401193 0.14715256]\n",
      " [0.12074502 0.11986043 0.12861216 0.11986043 0.12080158 0.11986043\n",
      "  0.13379474 0.1364652 ]\n",
      " [0.11390535 0.11390535 0.174987   0.11390535 0.11390535 0.11390535\n",
      "  0.11710733 0.1383789 ]\n",
      " [0.11737133 0.12386889 0.1192167  0.11737133 0.11737133 0.13380062\n",
      "  0.15162021 0.1193796 ]\n",
      " [0.11786615 0.11786615 0.14487332 0.11786615 0.11786615 0.11786615\n",
      "  0.13393873 0.13185719]\n",
      " [0.12059781 0.11915153 0.11742796 0.11969418 0.11675236 0.15997908\n",
      "  0.12675472 0.11964237]\n",
      " [0.11574593 0.11573394 0.1307131  0.11991546 0.11701422 0.13031101\n",
      "  0.13011467 0.14045166]] 0.9499643874643874\n",
      "[[0.12442173 0.12442173 0.12442173 0.12486372 0.1244347  0.12442173\n",
      "  0.12442173 0.12859294]\n",
      " [0.12001357 0.12058256 0.12170779 0.12318589 0.12001357 0.12001357\n",
      "  0.13724771 0.13723535]\n",
      " [0.12033533 0.12182224 0.12779468 0.12033533 0.12033533 0.12131338\n",
      "  0.13976817 0.12829554]\n",
      " [0.12203932 0.12203932 0.12254057 0.12407087 0.12203932 0.12203932\n",
      "  0.12518993 0.14004133]\n",
      " [0.11890998 0.11890998 0.13115299 0.11890998 0.11890998 0.11890998\n",
      "  0.13170653 0.1425906 ]\n",
      " [0.1217795  0.12229219 0.12226695 0.1217795  0.1217795  0.12267523\n",
      "  0.1314046  0.13602254]\n",
      " [0.11634155 0.11634155 0.14642863 0.11707563 0.11634155 0.11634155\n",
      "  0.12409747 0.14703208]\n",
      " [0.12073953 0.11981695 0.12864266 0.11981695 0.12088002 0.11981695\n",
      "  0.13397862 0.13630834]\n",
      " [0.11386054 0.11386054 0.17522441 0.11386054 0.11386054 0.11386054\n",
      "  0.11715268 0.13832023]\n",
      " [0.11725637 0.12406949 0.11915767 0.11725637 0.11725637 0.13415748\n",
      "  0.15155281 0.11929342]\n",
      " [0.11786929 0.11786929 0.14503837 0.11786929 0.11786929 0.11786929\n",
      "  0.13387914 0.13173603]\n",
      " [0.12050091 0.11901978 0.11731138 0.11965549 0.11665853 0.16046719\n",
      "  0.12677438 0.11961232]\n",
      " [0.11568664 0.11567665 0.1305191  0.11988688 0.11701251 0.13038488\n",
      "  0.13032238 0.14051095]] 0.9496972934472935\n",
      "[[0.1244207  0.1244207  0.1244207  0.12488525 0.12443151 0.1244207\n",
      "  0.1244207  0.12857972]\n",
      " [0.1199853  0.12055215 0.12177048 0.12319151 0.1199853  0.1199853\n",
      "  0.13732314 0.13720683]\n",
      " [0.12030475 0.12182391 0.12796094 0.12030475 0.12030475 0.12130608\n",
      "  0.13991255 0.12808226]\n",
      " [0.12203657 0.12203657 0.12254866 0.12410966 0.12203657 0.12203657\n",
      "  0.12523492 0.13996047]\n",
      " [0.11886559 0.11886559 0.13128984 0.11886559 0.11886559 0.11886559\n",
      "  0.13164953 0.1427327 ]\n",
      " [0.12175084 0.12227214 0.1222511  0.12175084 0.12175084 0.12268583\n",
      "  0.13143138 0.13610702]\n",
      " [0.11629928 0.11629928 0.14652451 0.1170008  0.11629928 0.11629928\n",
      "  0.12425016 0.14702739]\n",
      " [0.12072231 0.11976818 0.12865458 0.11976818 0.12093268 0.11976818\n",
      "  0.13411773 0.13626817]\n",
      " [0.11389995 0.11389995 0.17486591 0.11389995 0.11389995 0.11389995\n",
      "  0.11726976 0.13836459]\n",
      " [0.11714816 0.12393601 0.11909583 0.11714816 0.11714816 0.1344404\n",
      "  0.15159743 0.11948584]\n",
      " [0.11783683 0.11783683 0.14502043 0.11783683 0.11783683 0.11783683\n",
      "  0.13399646 0.13179898]\n",
      " [0.12036365 0.11885427 0.1172493  0.11956701 0.11652562 0.16079725\n",
      "  0.12692718 0.11971572]\n",
      " [0.11566222 0.11565389 0.13068786 0.11988901 0.11703643 0.13047475\n",
      "  0.13022156 0.14037429]] 0.9500979344729346\n",
      "[[0.12443216 0.12443216 0.12443216 0.12491557 0.12444117 0.12443216\n",
      "  0.12443216 0.12848243]\n",
      " [0.11999842 0.12056365 0.12176594 0.12323391 0.11999842 0.11999842\n",
      "  0.13721623 0.13722502]\n",
      " [0.12027938 0.12182542 0.12800047 0.12027938 0.12027938 0.1213001\n",
      "  0.14003299 0.12800288]\n",
      " [0.12202112 0.12202112 0.12254217 0.12412857 0.12202112 0.12202112\n",
      "  0.12525888 0.1399859 ]\n",
      " [0.11885477 0.11885477 0.131433   0.11885477 0.11885477 0.11885477\n",
      "  0.13163102 0.14266213]\n",
      " [0.1217146  0.12224301 0.12222548 0.1217146  0.1217146  0.12268218\n",
      "  0.131542   0.13616354]\n",
      " [0.11630152 0.11630152 0.14642561 0.11697608 0.11630152 0.11630152\n",
      "  0.12432131 0.14707092]\n",
      " [0.12074299 0.11976226 0.12870189 0.11976226 0.12082528 0.11976226\n",
      "  0.13416884 0.13627421]\n",
      " [0.11385603 0.11385603 0.1751235  0.11385603 0.11385603 0.11385603\n",
      "  0.11728804 0.13830831]\n",
      " [0.11710688 0.12387646 0.1190941  0.11710688 0.11710688 0.13473312\n",
      "  0.15146448 0.11951121]\n",
      " [0.11783396 0.11783396 0.14503527 0.11783396 0.11783396 0.11783396\n",
      "  0.13401816 0.13177677]\n",
      " [0.1204096  0.11878285 0.11717314 0.1194684  0.11648017 0.16116385\n",
      "  0.12692966 0.11959232]\n",
      " [0.11554623 0.11553929 0.13071961 0.11979152 0.11695939 0.13044126\n",
      "  0.13053394 0.14046877]] 0.9504095441595442\n",
      "[[0.12444172 0.12444172 0.12444172 0.12494083 0.12444922 0.12444172\n",
      "  0.12444172 0.12840136]\n",
      " [0.11997118 0.12053488 0.12172344 0.12322998 0.11997118 0.11997118\n",
      "  0.13740167 0.13719651]\n",
      " [0.12031004 0.12187921 0.12808869 0.12031004 0.12031004 0.12134741\n",
      "  0.13976282 0.12799175]\n",
      " [0.12202141 0.12202141 0.12254998 0.12415773 0.12202141 0.12202141\n",
      "  0.12529238 0.13991429]\n",
      " [0.11885779 0.11885779 0.1315657  0.11885779 0.11885779 0.11885779\n",
      "  0.13152759 0.14261774]\n",
      " [0.12172189 0.1222564  0.12224179 0.12172189 0.12172189 0.12271698\n",
      "  0.13147166 0.1361475 ]\n",
      " [0.11629027 0.11629027 0.14655282 0.1169423  0.11629027 0.11629027\n",
      "  0.12436654 0.14697727]\n",
      " [0.12076023 0.11975733 0.12874133 0.11975733 0.12073577 0.11975733\n",
      "  0.13421144 0.13627925]\n",
      " [0.11386563 0.11386563 0.17500335 0.11386563 0.11386563 0.11386563\n",
      "  0.11735099 0.13831752]\n",
      " [0.11702328 0.12387016 0.11904254 0.11702328 0.11702328 0.13491974\n",
      "  0.15152342 0.11957429]\n",
      " [0.11780738 0.11780738 0.14501784 0.11780738 0.11780738 0.11780738\n",
      "  0.13411231 0.13183292]\n",
      " [0.12028761 0.11874815 0.11713415 0.11931944 0.11637704 0.16137787\n",
      "  0.12705663 0.11969911]\n",
      " [0.11558015 0.11557437 0.13069232 0.1198458  0.11702759 0.13056133\n",
      "  0.13033705 0.14038138]] 0.9503650284900285\n",
      "[[0.124425   0.124425   0.124425   0.1249371  0.12443126 0.124425\n",
      "  0.124425   0.12850664]\n",
      " [0.11996112 0.12052362 0.12170085 0.12323972 0.11996112 0.11996112\n",
      "  0.13725261 0.13739984]\n",
      " [0.12029888 0.12188679 0.12822224 0.12029888 0.12029888 0.12134977\n",
      "  0.13960234 0.12804224]\n",
      " [0.12200848 0.12200848 0.12254327 0.12416863 0.12200848 0.12200848\n",
      "  0.12530676 0.13994741]\n",
      " [0.11883614 0.11883614 0.13154772 0.11883614 0.11883614 0.11883614\n",
      "  0.13171977 0.1425518 ]\n",
      " [0.12170325 0.12224272 0.12223055 0.12170325 0.12170325 0.12272103\n",
      "  0.13158945 0.1361065 ]\n",
      " [0.11628302 0.11628302 0.14621136 0.1170066  0.11628302 0.11628302\n",
      "  0.12440651 0.14724345]\n",
      " [0.12077604 0.11975464 0.12877572 0.11975464 0.12075565 0.11975464\n",
      "  0.13424853 0.13618014]\n",
      " [0.11385828 0.11385828 0.17501449 0.11385828 0.11385828 0.11385828\n",
      "  0.11738759 0.13830655]\n",
      " [0.11705687 0.12387873 0.11910476 0.11705687 0.11705687 0.13519556\n",
      "  0.15101011 0.11964024]\n",
      " [0.11782138 0.11782138 0.14504782 0.11782138 0.11782138 0.11782138\n",
      "  0.13412831 0.13171699]\n",
      " [0.12018595 0.11871924 0.11710165 0.11919531 0.1162911  0.16155622\n",
      "  0.12716243 0.11978809]\n",
      " [0.11558519 0.11558037 0.13074421 0.11986692 0.11706087 0.13063506\n",
      "  0.13024692 0.14028047]] 0.9500534188034189\n",
      "[[0.12443575 0.12443575 0.12443575 0.12495877 0.12444096 0.12443575\n",
      "  0.12443575 0.12842153]\n",
      " [0.11996698 0.12052852 0.12179056 0.12326247 0.11996698 0.11996698\n",
      "  0.13725024 0.13726728]\n",
      " [0.12029806 0.12190173 0.12824338 0.12029806 0.12029806 0.12136031\n",
      "  0.13980208 0.12779832]\n",
      " [0.12201087 0.12201087 0.1225509  0.12419112 0.12201087 0.12201087\n",
      "  0.12533228 0.13988221]\n",
      " [0.11884128 0.11884128 0.1315584  0.11884128 0.11884128 0.11884128\n",
      "  0.13160046 0.14263473]\n",
      " [0.12169963 0.1222433  0.12223315 0.12169963 0.12169963 0.12273643\n",
      "  0.13149741 0.13619082]\n",
      " [0.1163008  0.1163008  0.14652113 0.1169938  0.1163008  0.1163008\n",
      "  0.12446536 0.14681651]\n",
      " [0.12078921 0.1197524  0.12880438 0.1197524  0.12077222 0.1197524\n",
      "  0.13427945 0.13609754]\n",
      " [0.11383339 0.11383339 0.17526607 0.11383339 0.11383339 0.11383339\n",
      "  0.11739871 0.13816829]\n",
      " [0.11695175 0.12365042 0.11902102 0.11695175 0.11695175 0.13527033\n",
      "  0.15145926 0.11974371]\n",
      " [0.11778432 0.11778432 0.14501281 0.11778432 0.11778432 0.11778432\n",
      "  0.13439824 0.13166735]\n",
      " [0.12029074 0.11869903 0.11716886 0.11946521 0.1163129  0.16171016\n",
      "  0.12667164 0.11968146]\n",
      " [0.11546951 0.11546549 0.13075231 0.11976012 0.11696705 0.13056067\n",
      "  0.13054068 0.14048416]] 0.9500534188034186\n",
      "[[0.12443239 0.12443239 0.12443239 0.12496446 0.12443673 0.12443239\n",
      "  0.12443239 0.12843688]\n",
      " [0.11993228 0.12049286 0.12173108 0.12324073 0.11993228 0.11993228\n",
      "  0.13730894 0.13742956]\n",
      " [0.12023819 0.12185415 0.1282968  0.12023819 0.12023819 0.12130934\n",
      "  0.13989924 0.12792592]\n",
      " [0.1219865  0.1219865  0.12253077 0.124183   0.1219865  0.1219865\n",
      "  0.12532643 0.14001381]\n",
      " [0.11883353 0.11883353 0.13155398 0.11883353 0.11883353 0.11883353\n",
      "  0.13158903 0.14268936]\n",
      " [0.12167192 0.12221897 0.12221052 0.12167192 0.12167192 0.12272434\n",
      "  0.13159703 0.13623337]\n",
      " [0.11625177 0.11625177 0.14635878 0.11691899 0.11625177 0.11625177\n",
      "  0.12454213 0.147173  ]\n",
      " [0.12072956 0.11977284 0.12885229 0.11977284 0.1207154  0.11977284\n",
      "  0.13433025 0.13605399]\n",
      " [0.11382235 0.11382235 0.17508479 0.11382235 0.11382235 0.11382235\n",
      "  0.117418   0.13838544]\n",
      " [0.11699417 0.12378818 0.11908368 0.11699417 0.11699417 0.13548412\n",
      "  0.15106751 0.11959401]\n",
      " [0.11779021 0.11779021 0.14502892 0.11779021 0.11779021 0.11779021\n",
      "  0.13435298 0.13166707]\n",
      " [0.12019949 0.1185978  0.11714126 0.11932761 0.11624824 0.16184796\n",
      "  0.12685327 0.11978437]\n",
      " [0.11550527 0.11550192 0.13090951 0.11980827 0.11702288 0.13064843\n",
      "  0.13033043 0.1402733 ]] 0.9499198717948717\n",
      "[[0.12442959 0.12442959 0.12442959 0.1249692  0.12443321 0.12442959\n",
      "  0.12442959 0.12844966]\n",
      " [0.11994294 0.12050289 0.12181575 0.12326331 0.11994294 0.11994294\n",
      "  0.13719154 0.1373977 ]\n",
      " [0.1202865  0.12191408 0.12834713 0.1202865  0.1202865  0.12136599\n",
      "  0.13977086 0.12774244]\n",
      " [0.12199255 0.12199255 0.12254049 0.12420309 0.12199255 0.12199255\n",
      "  0.12534867 0.13993754]\n",
      " [0.11881499 0.11881499 0.13163858 0.11881499 0.11881499 0.11881499\n",
      "  0.13156613 0.14272035]\n",
      " [0.1216612  0.12221112 0.12220408 0.1216612  0.1216612  0.12272676\n",
      "  0.13159174 0.13628271]\n",
      " [0.11627751 0.11627751 0.14653346 0.11701399 0.11627751 0.11627751\n",
      "  0.12458131 0.14676121]\n",
      " [0.12073654 0.11975376 0.12885332 0.11975376 0.12063177 0.11975376\n",
      "  0.13454032 0.13597677]\n",
      " [0.11380681 0.11380681 0.17519397 0.11380681 0.11380681 0.11380681\n",
      "  0.11742753 0.13834445]\n",
      " [0.11692409 0.12360083 0.1190285  0.11692409 0.11692409 0.13553944\n",
      "  0.15142108 0.11963788]\n",
      " [0.11777064 0.11777064 0.1450122  0.11777064 0.11777064 0.11777064\n",
      "  0.13449509 0.1316395 ]\n",
      " [0.12026003 0.11874009 0.11716102 0.11953346 0.11623671 0.16177198\n",
      "  0.12665977 0.11963694]\n",
      " [0.1154038  0.11540102 0.13099224 0.11971217 0.1169363  0.13057282\n",
      "  0.1306113  0.14037035]] 0.9504985754985754\n",
      "Running cross validation split 2 of 10...\n",
      "[[0.125 0.125 0.125 0.125 0.125 0.125 0.125 0.125]\n",
      " [0.125 0.125 0.125 0.125 0.125 0.125 0.125 0.125]\n",
      " [0.125 0.125 0.125 0.125 0.125 0.125 0.125 0.125]\n",
      " [0.125 0.125 0.125 0.125 0.125 0.125 0.125 0.125]\n",
      " [0.125 0.125 0.125 0.125 0.125 0.125 0.125 0.125]\n",
      " [0.125 0.125 0.125 0.125 0.125 0.125 0.125 0.125]\n",
      " [0.125 0.125 0.125 0.125 0.125 0.125 0.125 0.125]\n",
      " [0.125 0.125 0.125 0.125 0.125 0.125 0.125 0.125]\n",
      " [0.125 0.125 0.125 0.125 0.125 0.125 0.125 0.125]\n",
      " [0.125 0.125 0.125 0.125 0.125 0.125 0.125 0.125]\n",
      " [0.125 0.125 0.125 0.125 0.125 0.125 0.125 0.125]\n",
      " [0.125 0.125 0.125 0.125 0.125 0.125 0.125 0.125]\n",
      " [0.125 0.125 0.125 0.125 0.125 0.125 0.125 0.125]] 0.8847934472934473\n",
      "[[0.12489119 0.12537652 0.12489119 0.12498736 0.12498736 0.12489119\n",
      "  0.12489119 0.12508398]\n",
      " [0.1215782  0.12174017 0.12174017 0.1221517  0.1215782  0.1215782\n",
      "  0.13595135 0.13368202]\n",
      " [0.12180144 0.12196548 0.12424221 0.12171998 0.12180144 0.12180144\n",
      "  0.14436987 0.12229816]\n",
      " [0.12401204 0.12401204 0.12410413 0.12447678 0.12401204 0.12401204\n",
      "  0.12476083 0.1306101 ]\n",
      " [0.12322637 0.12322637 0.12710389 0.12322637 0.12322637 0.12340366\n",
      "  0.12678752 0.12979946]\n",
      " [0.12444384 0.12463247 0.12444384 0.12444384 0.12444384 0.12463247\n",
      "  0.12560223 0.12735746]\n",
      " [0.12131373 0.12131373 0.13771957 0.12131373 0.12131373 0.12131373\n",
      "  0.12480215 0.13090963]\n",
      " [0.12400299 0.12382017 0.1278185  0.12372939 0.12391137 0.12382017\n",
      "  0.12572685 0.12717055]\n",
      " [0.12030648 0.12030648 0.14723425 0.12030648 0.12030648 0.12030648\n",
      "  0.12045662 0.13077672]\n",
      " [0.12095648 0.1211913  0.12167083 0.12095648 0.12095648 0.12319202\n",
      "  0.14980611 0.1212703 ]\n",
      " [0.12134213 0.12134213 0.13508795 0.12134213 0.12134213 0.12134213\n",
      "  0.12881213 0.12938928]\n",
      " [0.12393598 0.12496883 0.1222713  0.12348361 0.12252451 0.13557565\n",
      "  0.12496883 0.1222713 ]\n",
      " [0.12018031 0.12010634 0.12540586 0.12078453 0.12010634 0.12273744\n",
      "  0.12590324 0.14477594]] 0.9227653133903133\n",
      "[[0.12479911 0.12520356 0.12479911 0.12487926 0.12487926 0.12479911\n",
      "  0.12479911 0.12584147]\n",
      " [0.121026   0.12143664 0.12143664 0.12262996 0.121026   0.121026\n",
      "  0.1356281  0.13579066]\n",
      " [0.12151684 0.12183973 0.12529025 0.12135651 0.12151684 0.12160972\n",
      "  0.1420633  0.12480681]\n",
      " [0.12339732 0.12339732 0.12356712 0.12415943 0.12339732 0.12339732\n",
      "  0.12468186 0.13400232]\n",
      " [0.12185828 0.12185828 0.12774277 0.12185828 0.12185828 0.12218435\n",
      "  0.12904846 0.13359128]\n",
      " [0.1238385  0.12408912 0.12393194 0.1238385  0.1238385  0.12418299\n",
      "  0.12625181 0.13002864]\n",
      " [0.11975801 0.11975801 0.14057288 0.11993162 0.11975801 0.11975801\n",
      "  0.12544578 0.13501769]\n",
      " [0.12274146 0.12258911 0.12870944 0.12251346 0.12275516 0.12276963\n",
      "  0.12748614 0.1304356 ]\n",
      " [0.11731155 0.11731155 0.16086585 0.11731155 0.11731155 0.11731155\n",
      "  0.11808022 0.13449617]\n",
      " [0.11954    0.12062381 0.12057422 0.11954    0.11954    0.12449677\n",
      "  0.15588369 0.11980151]\n",
      " [0.12018051 0.12018051 0.13762266 0.12018051 0.12018051 0.12018051\n",
      "  0.13049692 0.13097788]\n",
      " [0.1226558  0.12307314 0.12073776 0.12192332 0.12103621 0.14362132\n",
      "  0.12559397 0.12135848]\n",
      " [0.11835123 0.1182896  0.12944033 0.1197172  0.1182896  0.12619901\n",
      "  0.12786108 0.14185196]] 0.9357638888888888\n",
      "[[0.12470992 0.12504696 0.12470992 0.12477671 0.12477671 0.12470992\n",
      "  0.12470992 0.12655993]\n",
      " [0.12066659 0.12128588 0.12128588 0.12275075 0.12066659 0.12066659\n",
      "  0.13675538 0.13592234]\n",
      " [0.12124412 0.12169906 0.12622575 0.12101822 0.12124412 0.12141423\n",
      "  0.14102649 0.12612801]\n",
      " [0.12309023 0.12309023 0.12332574 0.12410399 0.12309023 0.12309023\n",
      "  0.12482798 0.13538136]\n",
      " [0.12098645 0.12098645 0.12837657 0.12098645 0.12098645 0.12153003\n",
      "  0.12997808 0.13616952]\n",
      " [0.12343825 0.12374102 0.12361003 0.12343825 0.12343825 0.12400839\n",
      "  0.12660558 0.13172022]\n",
      " [0.11862228 0.11862228 0.14188052 0.11885431 0.11862228 0.11862228\n",
      "  0.12586847 0.13890758]\n",
      " [0.12200156 0.12169287 0.12898808 0.12162983 0.12201297 0.12202503\n",
      "  0.12889321 0.13275645]\n",
      " [0.1153769  0.1153769  0.1703289  0.1153769  0.1153769  0.1153769\n",
      "  0.11668218 0.13610442]\n",
      " [0.11945929 0.12159337 0.12069202 0.11945929 0.11945929 0.12654641\n",
      "  0.15302104 0.1197693 ]\n",
      " [0.11923701 0.11923701 0.14047361 0.11923701 0.11923701 0.11923701\n",
      "  0.132364   0.13097735]\n",
      " [0.12179018 0.12151369 0.11965548 0.12064345 0.11981625 0.14897114\n",
      "  0.12725993 0.12034987]\n",
      " [0.1173808  0.11732944 0.12992075 0.11940779 0.11732944 0.12837185\n",
      "  0.12830053 0.14195941]] 0.9424412393162392\n",
      "[[0.12467285 0.12495371 0.12467285 0.1247285  0.1247285  0.12467285\n",
      "  0.12467285 0.12689791]\n",
      " [0.12048907 0.12109764 0.12128392 0.12278733 0.12048907 0.12048907\n",
      "  0.13740278 0.13596113]\n",
      " [0.12098082 0.12154546 0.12706705 0.12070046 0.12098082 0.12112258\n",
      "  0.14141271 0.12619009]\n",
      " [0.12292666 0.12292666 0.12321736 0.12415185 0.12292666 0.12292666\n",
      "  0.12504513 0.13587903]\n",
      " [0.12031175 0.12031175 0.1287606  0.12031175 0.12031175 0.12112902\n",
      "  0.13070867 0.13815471]\n",
      " [0.12317028 0.12351681 0.12340765 0.12317028 0.12317028 0.12402492\n",
      "  0.12687055 0.13266924]\n",
      " [0.11774307 0.11774307 0.14423487 0.11811215 0.11774307 0.11774307\n",
      "  0.1260996  0.1405811 ]\n",
      " [0.12140523 0.12105683 0.12894258 0.1210043  0.12150633 0.12151638\n",
      "  0.13051294 0.1340554 ]\n",
      " [0.11487009 0.11487009 0.17266664 0.11487009 0.11487009 0.11487009\n",
      "  0.11639627 0.13658664]\n",
      " [0.11898426 0.12149596 0.12037479 0.11898426 0.11898426 0.12809823\n",
      "  0.15365486 0.11942339]\n",
      " [0.11859006 0.11859006 0.14256099 0.11859006 0.11859006 0.11859006\n",
      "  0.13365578 0.13083294]\n",
      " [0.12134067 0.1205665  0.11910758 0.11993088 0.1190628  0.15288914\n",
      "  0.12732619 0.11977623]\n",
