{
 "cells": [
  {
   "cell_type": "code",
   "execution_count": 1,
   "metadata": {},
   "outputs": [],
   "source": [
    "import warnings\n",
    "import numpy as np\n",
    "import pandas as pd\n",
    "from sklearn.metrics import pairwise_distances, accuracy_score\n",
    "from scipy.spatial.distance import cdist, pdist\n",
    "from sklearn.base import BaseEstimator, ClassifierMixin\n",
    "from sklearn.model_selection import StratifiedKFold\n",
    "from sklearn_lvq import GlvqModel\n",
    "from scipy.special import softmax\n",
    "\n",
    "import seaborn as sns\n",
    "import matplotlib.pyplot as plt\n",
    "# %matplotlib notebook\n",
    "\n",
    "sns.set(font_scale=2)\n",
    "sns.set_style('white')\n",
    "sns.set_context('poster')"
   ]
  },
  {
   "cell_type": "code",
   "execution_count": 2,
   "metadata": {},
   "outputs": [],
   "source": [
    "def bipolarize(Y):\n",
    "    X = np.copy(Y)\n",
    "    X[X > 0] = 1.0\n",
    "    X[X < 0] = -1.0\n",
    "    X[X == 0] = np.random.choice([-1.0, 1.0], size=len(X[X == 0]))\n",
    "    return X"
   ]
  },
  {
   "cell_type": "code",
   "execution_count": 3,
   "metadata": {},
   "outputs": [],
   "source": [
    "def centroids(X,label=None):\n",
    "    if label is not None:\n",
    "        cLabel = np.unique(label)\n",
    "        c = np.zeros((len(cLabel), X.shape[1]))\n",
    "        for i,l in enumerate(cLabel):\n",
    "            c[i,:] = bipolarize(np.sum(X[label==l],axis=0))\n",
    "    else:\n",
    "        c = bipolarize(np.sum(X,axis=0)).reshape(1,-1)\n",
    "        cLabel = [0]\n",
    "    return cLabel, c.astype('int')"
   ]
  },
  {
   "cell_type": "code",
   "execution_count": 4,
   "metadata": {},
   "outputs": [],
   "source": [
    "def classify(v,am,metric):\n",
    "    d = cdist(v,am,metric)\n",
    "    label = np.argmin(d,axis=1)\n",
    "    return label"
   ]
  },
  {
   "cell_type": "code",
   "execution_count": 5,
   "metadata": {},
   "outputs": [],
   "source": [
    "# select dataset and encoding type\n",
    "dataName = 'allHV.npz'\n",
    "emgHVType =  'hvRel'\n",
    "\n",
    "allHV = np.load(dataName)\n",
    "\n",
    "# extract data and labels based on gesture, trial, and position\n",
    "hv = allHV[emgHVType]\n",
    "gestLabel = allHV['gestLabel']\n",
    "posLabel = allHV['posLabel']\n",
    "trialLabel = allHV['trialLabel']\n",
    "\n",
    "combGP, groupGP = np.unique(np.column_stack((gestLabel,posLabel)),axis=0,return_inverse=True)\n",
    "combGPT, groupGPT = np.unique(np.column_stack((gestLabel,posLabel,trialLabel)),axis=0,return_inverse=True)\n",
    "\n",
    "# get list of unique values for each label\n",
    "gestures = np.unique(gestLabel)\n",
    "positions = np.unique(posLabel)\n",
    "trials = np.unique(trialLabel)\n",
    "\n",
    "numGestures = len(gestures)\n",
    "numPositions = len(positions)\n",
    "numTrials = len(trials)\n",
    "\n",
    "# get data size info\n",
    "D = hv.shape[1] # hypervector dimension\n",
    "numHV = 80 # number of examples per trial\n",
    "\n",
    "# color palettes for plotting\n",
    "gPalette = sns.color_palette('tab20', numGestures)\n",
    "pPalette = sns.color_palette('tab20', numPositions)"
   ]
  },
  {
   "cell_type": "code",
   "execution_count": 30,
   "metadata": {
    "collapsed": true,
    "jupyter": {
     "outputs_hidden": true
    }
   },
   "outputs": [
    {
     "name": "stdout",
     "output_type": "stream",
     "text": [
      "Running cross validation split 1 of 10...\n",
      "[[0.125 0.125 0.125 0.125 0.125 0.125 0.125 0.125]\n",
      " [0.125 0.125 0.125 0.125 0.125 0.125 0.125 0.125]\n",
      " [0.125 0.125 0.125 0.125 0.125 0.125 0.125 0.125]\n",
      " [0.125 0.125 0.125 0.125 0.125 0.125 0.125 0.125]\n",
      " [0.125 0.125 0.125 0.125 0.125 0.125 0.125 0.125]\n",
      " [0.125 0.125 0.125 0.125 0.125 0.125 0.125 0.125]\n",
      " [0.125 0.125 0.125 0.125 0.125 0.125 0.125 0.125]\n",
      " [0.125 0.125 0.125 0.125 0.125 0.125 0.125 0.125]\n",
      " [0.125 0.125 0.125 0.125 0.125 0.125 0.125 0.125]\n",
      " [0.125 0.125 0.125 0.125 0.125 0.125 0.125 0.125]\n",
      " [0.125 0.125 0.125 0.125 0.125 0.125 0.125 0.125]\n",
      " [0.125 0.125 0.125 0.125 0.125 0.125 0.125 0.125]\n",
      " [0.125 0.125 0.125 0.125 0.125 0.125 0.125 0.125]] 0.761574074074074\n",
      "[[0.11594577 0.11594577 0.1261499  0.11606949 0.13978986 0.11594577\n",
      "  0.11631864 0.15383479]\n",
      " [0.12299351 0.12394296 0.12299351 0.12748165 0.12252858 0.12237504\n",
      "  0.12410379 0.13358096]\n",
      " [0.12270159 0.12477449 0.14116118 0.12208847 0.12208847 0.12254725\n",
      "  0.12270159 0.12193696]\n",
      " [0.1234113  0.1234113  0.12469891 0.12421046 0.1234113  0.1234113\n",
      "  0.12372875 0.13371667]\n",
      " [0.12185874 0.12185874 0.12940342 0.12185874 0.12200989 0.12185874\n",
      "  0.12619578 0.13495597]\n",
      " [0.1200146  0.12030045 0.12643773 0.1200146  0.1200146  0.12044437\n",
      "  0.12713214 0.14564149]\n",
      " [0.11285453 0.11285453 0.14608673 0.11285453 0.11285453 0.11285453\n",
      "  0.14058631 0.1490543 ]\n",
      " [0.11814832 0.11814832 0.14076866 0.12139125 0.11814832 0.12109534\n",
      "  0.120081   0.14221879]\n",
      " [0.11225465 0.11225465 0.15172176 0.11225465 0.11225465 0.11225465\n",
      "  0.13528322 0.15172176]\n",
      " [0.11508077 0.12018516 0.11484303 0.11580734 0.1178465  0.12397667\n",
      "  0.15203026 0.14023029]\n",
      " [0.1148118  0.1142277  0.14458992 0.11434344 0.1141125  0.11528891\n",
      "  0.13854551 0.14408021]\n",
      " [0.1329016  0.10832906 0.12437265 0.109984   0.11871243 0.13230001\n",
      "  0.13757807 0.13582218]\n",
      " [0.11247958 0.1106251  0.14390403 0.11132798 0.11618329 0.11143027\n",
      "  0.14675756 0.14729218]] 0.7738158831908831\n",
      "[[0.1125278  0.1125278  0.12652885 0.11275403 0.1468334  0.1125278\n",
      "  0.11293199 0.16336832]\n",
      " [0.12132585 0.12294689 0.12101735 0.12898859 0.12053207 0.12042239\n",
      "  0.12370503 0.14106182]\n",
      " [0.12117883 0.12523784 0.14962231 0.12012559 0.12012559 0.12091369\n",
      "  0.12293085 0.11986531]\n",
      " [0.1221644  0.1221644  0.1243675  0.12353176 0.1221644  0.1221644\n",
      "  0.12302689 0.14041624]\n",
      " [0.11985044 0.11985044 0.13173174 0.11985044 0.11995841 0.11985044\n",
      "  0.12714502 0.14176306]\n",
      " [0.1171211  0.11761734 0.12706127 0.1171211  0.1171211  0.11786718\n",
      "  0.12859238 0.15749853]\n",
      " [0.10564756 0.10564756 0.15834207 0.10564756 0.10564756 0.10576374\n",
      "  0.14895931 0.16434463]\n",
      " [0.11416676 0.11416676 0.14829502 0.12013669 0.11416676 0.12008045\n",
      "  0.1173943  0.15159326]\n",
      " [0.10368696 0.10368696 0.17226609 0.10368696 0.10368696 0.10368696\n",
      "  0.13703301 0.17226609]\n",
      " [0.11008654 0.11744552 0.10890281 0.11179199 0.11284753 0.1287547\n",
      "  0.16790163 0.14226929]\n",
      " [0.10902431 0.10823448 0.1551725  0.10758724 0.10706486 0.10974294\n",
      "  0.14714998 0.15602368]\n",
      " [0.13930569 0.09795502 0.12183412 0.10031265 0.11659137 0.13887598\n",
      "  0.14474877 0.1403764 ]\n",
      " [0.10628007 0.10027344 0.14716586 0.10262269 0.11568141 0.10553056\n",
      "  0.15999134 0.16245465]] 0.7820067663817662\n",
      "[[0.11089111 0.11089111 0.12543835 0.1110527  0.15095396 0.11089111\n",
      "  0.11146367 0.16841799]\n",
      " [0.12015271 0.1220949  0.11947041 0.12991013 0.11897122 0.11889288\n",
      "  0.1234391  0.14706865]\n",
      " [0.12023093 0.12605669 0.1538698  0.11870806 0.11901414 0.119886\n",
      "  0.12340613 0.11882823]\n",
      " [0.12126836 0.12126836 0.12396217 0.12304145 0.12126836 0.12126836\n",
      "  0.12252007 0.14540287]\n",
      " [0.11848174 0.11848174 0.13311068 0.11848174 0.11855886 0.11848174\n",
      "  0.12789725 0.14650626]\n",
      " [0.11537164 0.1160211  0.12686114 0.11537164 0.11537164 0.11619956\n",
      "  0.13001728 0.16478601]\n",
      " [0.10291992 0.10291992 0.16207789 0.10291992 0.10291992 0.10313032\n",
      "  0.15022553 0.17288657]\n",
      " [0.11156095 0.11156095 0.15316984 0.11858483 0.11156095 0.11962414\n",
      "  0.11617395 0.1577644 ]\n",
      " [0.09824608 0.09824608 0.18787932 0.09824608 0.09824608 0.09824608\n",
      "  0.13210421 0.18878605]\n",
      " [0.10797833 0.1163811  0.10541876 0.11145275 0.11177084 0.13427097\n",
      "  0.17325165 0.1394756 ]\n",
      " [0.10558116 0.10540449 0.15912767 0.10317902 0.10244271 0.10622304\n",
      "  0.15362139 0.16442052]\n",
      " [0.1431599  0.09197028 0.12039975 0.09416955 0.11544142 0.14325907\n",
      "  0.14827748 0.14332255]\n",
      " [0.10432318 0.0930432  0.139785   0.09980487 0.12083574 0.10313776\n",
      "  0.16613977 0.17293048]] 0.7882389601139601\n",
      "[[0.11041813 0.11041813 0.12415536 0.11053355 0.15365725 0.11041813\n",
      "  0.11097193 0.16942752]\n",
      " [0.119648   0.12134992 0.11838665 0.13041803 0.11787743 0.11782147\n",
      "  0.12310954 0.15138897]\n",
      " [0.11948489 0.12690638 0.15659083 0.11762815 0.11830603 0.11908329\n",
      "  0.1236727  0.11832774]\n",
      " [0.1206725  0.1206725  0.1235558  0.12273643 0.1206725  0.1206725\n",
      "  0.12220305 0.14881472]\n",
      " [0.11752816 0.11752816 0.1341242  0.11752816 0.11758324 0.11752816\n",
      "  0.12846169 0.14971824]\n",
      " [0.11426724 0.11502751 0.126716   0.11426724 0.11426724 0.11515498\n",
      "  0.13103275 0.16926703]\n",
      " [0.10168075 0.10168075 0.16307664 0.10168075 0.10168075 0.10209304\n",
      "  0.14924571 0.17886162]\n",
      " [0.10985324 0.10985324 0.155807   0.11718972 0.10985324 0.11962933\n",
      "  0.11561841 0.16219584]\n",
      " [0.09521338 0.09521338 0.19887957 0.09521338 0.09521338 0.09521338\n",
      "  0.12339587 0.20165768]\n",
      " [0.106791   0.11522194 0.10323008 0.11111285 0.11134006 0.13788575\n",
      "  0.17740291 0.13701541]\n",
      " [0.10312971 0.10431677 0.16108036 0.10040621 0.09951191 0.10333277\n",
      "  0.15803359 0.17018869]\n",
      " [0.14568496 0.08904619 0.11920093 0.09040187 0.11550591 0.1465675\n",
      "  0.14994774 0.1436449 ]\n",
      " [0.10481481 0.08826981 0.13247421 0.09903617 0.12432476 0.10206659\n",
      "  0.16862463 0.18038902]] 0.7934027777777778\n",
      "[[0.11008775 0.11008775 0.12389325 0.11031506 0.15413725 0.11008775\n",
      "  0.11077372 0.17061747]\n",
      " [0.119276   0.12096456 0.11760132 0.13076803 0.11723759 0.11704501\n",
      "  0.12286228 0.15424521]\n",
      " [0.11892693 0.12765676 0.15806967 0.11698455 0.11777539 0.11864007\n",
      "  0.12400134 0.11794529]\n",
      " [0.12029634 0.12029634 0.12331639 0.12256917 0.12029634 0.12029634\n",
      "  0.12202699 0.1509021 ]\n",
      " [0.11682296 0.11682296 0.13481959 0.11682296 0.11686231 0.11682296\n",
      "  0.12883773 0.15218854]\n",
      " [0.11357766 0.11441799 0.12672481 0.11357766 0.11357766 0.11450904\n",
      "  0.13170017 0.17191501]\n",
      " [0.10108348 0.10108348 0.16296427 0.10108348 0.10108348 0.10164267\n",
      "  0.14839007 0.18266906]\n",
      " [0.10875839 0.10875839 0.15724024 0.11647914 0.10875839 0.11961607\n",
      "  0.11550885 0.16488054]\n",
      " [0.09381754 0.09381754 0.20483283 0.09381754 0.09381754 0.09381754\n",
      "  0.11567603 0.21040344]\n",
      " [0.10555616 0.11441855 0.10194816 0.11133514 0.11105649 0.14069482\n",
      "  0.17918058 0.1358101 ]\n",
      " [0.10107527 0.10362357 0.16239228 0.09862696 0.09761703 0.1013475\n",
      "  0.16110075 0.17421665]\n",
      " [0.14747588 0.08727726 0.11864368 0.08770391 0.11554232 0.14912297\n",
      "  0.15112792 0.14310606]\n",
      " [0.10457205 0.08513703 0.12844004 0.09769248 0.12538796 0.10126519\n",
      "  0.1707998  0.18670544]] 0.7969640313390313\n",
      "[[0.11024394 0.11024394 0.12381977 0.11055298 0.15441782 0.11024394\n",
      "  0.1108806  0.16959701]\n",
      " [0.11905273 0.12057377 0.11708183 0.13124    0.11682202 0.11653167\n",
      "  0.12256797 0.15613   ]\n",
      " [0.11849253 0.12798245 0.15907661 0.11648963 0.11736083 0.11828763\n",
      "  0.12436331 0.11794701]\n",
      " [0.12005226 0.12005226 0.12317068 0.12247489 0.12005226 0.12005226\n",
      "  0.12192629 0.1522191 ]\n",
      " [0.1163673  0.1163673  0.13537332 0.1163673  0.11639541 0.1163673\n",
      "  0.12916052 0.15360154]\n",
      " [0.11317429 0.11392323 0.12683217 0.11317429 0.11317429 0.11413767\n",
      "  0.13210675 0.17347733]\n",
      " [0.10078274 0.10078274 0.16265934 0.10078274 0.10078274 0.10144802\n",
      "  0.14738486 0.18537683]\n",
      " [0.10798485 0.10798485 0.15849014 0.11598077 0.10798485 0.11977477\n",
      "  0.11543982 0.16635995]\n",
      " [0.09327544 0.09327544 0.207869   0.09327544 0.09327544 0.09327544\n",
      "  0.11038899 0.21536479]\n",
      " [0.10482309 0.11385901 0.10104506 0.11136043 0.11160664 0.14252507\n",
      "  0.17998997 0.13479073]\n",
      " [0.09987766 0.10274232 0.16248584 0.09749547 0.09652481 0.09994426\n",
      "  0.16331751 0.17761213]\n",
      " [0.14880544 0.0859317  0.11859647 0.08601902 0.11545384 0.15079435\n",
      "  0.15181836 0.14258082]\n",
      " [0.10498806 0.08323355 0.12376724 0.09714054 0.12618874 0.10098892\n",
      "  0.17241039 0.19128256]] 0.7981659544159545\n",
      "[[0.1103508  0.1103508  0.12359889 0.11071821 0.15481727 0.1103508\n",
      "  0.11095222 0.168861  ]\n",
      " [0.11889324 0.12029464 0.11671077 0.13157712 0.11652519 0.116165\n",
      "  0.12235775 0.15747629]\n",
      " [0.11817178 0.12871811 0.15935607 0.11612585 0.11705435 0.11802542\n",
      "  0.12461069 0.11793774]\n",
      " [0.11987792 0.11987792 0.1230666  0.12240754 0.11987792 0.11987792\n",
      "  0.12185437 0.15315982]\n",
      " [0.11601784 0.11601784 0.13574038 0.11601784 0.11603792 0.11601784\n",
      "  0.12936403 0.1547863 ]\n",
      " [0.11301272 0.11384698 0.12688387 0.11301272 0.11301272 0.11400015\n",
      "  0.13237099 0.17385985]\n",
      " [0.10065739 0.10065739 0.16194633 0.10065739 0.10065739 0.10139928\n",
      "  0.14679642 0.18722843]\n",
      " [0.10756593 0.10756593 0.15915909 0.11576934 0.10756593 0.11988024\n",
      "  0.11553574 0.16695779]\n",
      " [0.09302209 0.09302209 0.20949805 0.09302209 0.09302209 0.09302209\n",
      "  0.10675404 0.21863746]\n",
      " [0.10479962 0.1137043  0.10048382 0.11088719 0.11194592 0.14376251\n",
      "  0.18024182 0.13417482]\n",
      " [0.09912929 0.10222397 0.16208875 0.09691787 0.09584829 0.09917686\n",
      "  0.1648638  0.17975117]\n",
      " [0.14979259 0.08532115 0.11843544 0.08516286 0.11526683 0.15161792\n",
      "  0.15234936 0.14205386]\n",
      " [0.10545755 0.08189732 0.12076116 0.09690194 0.12646103 0.10029516\n",
      "  0.17361344 0.19461239]] 0.798344017094017\n",
      "[[0.1101434  0.1101434  0.1234496  0.11055117 0.15470292 0.1101434\n",
      "  0.11071832 0.17014779]\n",
      " [0.11891863 0.12023585 0.11658183 0.13179811 0.11629585 0.11603857\n",
      "  0.12235081 0.15778034]\n",
      " [0.11786823 0.12933349 0.15945417 0.11594534 0.11691552 0.11791896\n",
      "  0.12470797 0.11785632]\n",
      " [0.11980237 0.11980237 0.12304262 0.12240957 0.11980237 0.11980237\n",
      "  0.12185289 0.15348543]\n",
      " [0.11576823 0.11576823 0.13600256 0.11576823 0.11578257 0.11576823\n",
      "  0.1295094  0.15563256]\n",
      " [0.11294314 0.11383875 0.12697247 0.11294314 0.11294314 0.11394815\n",
      "  0.13243805 0.17397317]\n",
      " [0.10066799 0.10066799 0.16117363 0.10066799 0.10066799 0.10146554\n",
      "  0.14594642 0.18874246]\n",
      " [0.10730759 0.10730759 0.15906398 0.11566255 0.10730759 0.12032144\n",
      "  0.11580239 0.16722688]\n",
      " [0.0929886  0.0929886  0.20987671 0.0929886  0.0929886  0.0929886\n",
      "  0.10444376 0.22073652]\n",
      " [0.10473529 0.11354233 0.10003792 0.11049933 0.11213703 0.14438619\n",
      "  0.18010124 0.13456068]\n",
      " [0.09873001 0.10199408 0.1622438  0.09651147 0.09537116 0.09876399\n",
      "  0.16509447 0.18129103]\n",
      " [0.15043844 0.08485242 0.11858775 0.08473936 0.11478667 0.15174224\n",
      "  0.15266882 0.14218429]\n",
      " [0.10566169 0.0810541  0.1187743  0.0971251  0.12700495 0.09980845\n",
      "  0.17356239 0.19700902]] 0.7989672364672363\n",
      "[[0.11024105 0.11024105 0.12296866 0.1106788  0.15496747 0.11024105\n",
      "  0.11079819 0.16986374]\n",
      " [0.11889355 0.12015025 0.11644752 0.1319079  0.11624325 0.11590624\n",
      "  0.12230143 0.15814987]\n",
      " [0.11781591 0.1294386  0.15932596 0.11582548 0.1168255  0.11785214\n",
      "  0.12495297 0.11796343]\n",
      " [0.11970467 0.11970467 0.12298053 0.12236625 0.11970467 0.11970467\n",
      "  0.12196863 0.15386591]\n",
      " [0.11563473 0.11563473 0.1360624  0.11563473 0.11564497 0.11563473\n",
      "  0.12966376 0.15608993]\n",
      " [0.11289253 0.11383196 0.1268669  0.11289253 0.11289253 0.11391011\n",
      "  0.1326607  0.17405272]\n",
      " [0.10059468 0.10059468 0.16091584 0.10059468 0.10059468 0.10143123\n",
      "  0.14560494 0.18966927]\n",
      " [0.10705905 0.10705905 0.15932198 0.11536506 0.10705905 0.1210479\n",
      "  0.11576959 0.16731833]\n",
      " [0.09299055 0.09299055 0.2099274  0.09299055 0.09299055 0.09299055\n",
      "  0.10282104 0.22229879]\n",
      " [0.10443192 0.11344625 0.09973658 0.11082655 0.11274335 0.14409143\n",
      "  0.1807507  0.13397322]\n",
      " [0.09857358 0.1022343  0.16171233 0.09634701 0.09515444 0.09925478\n",
      "  0.16482164 0.1819019 ]\n",
      " [0.15110322 0.08507857 0.118541   0.08454884 0.1142952  0.15203451\n",
      "  0.15249475 0.14190391]\n",
      " [0.10539892 0.0805639  0.11766835 0.09742321 0.12673234 0.09947004\n",
      "  0.1740033  0.19873994]] 0.7989672364672363\n",
      "[[0.11011513 0.11011513 0.12305571 0.11057338 0.15488081 0.11011513\n",
      "  0.11065866 0.17048605]\n",
      " [0.11889385 0.12010749 0.11636938 0.13200658 0.11607016 0.11582944\n",
      "  0.12228489 0.15843822]\n",
      " [0.11757641 0.12980608 0.15938135 0.11569369 0.11671461 0.11775738\n",
      "  0.12507779 0.11799269]\n",
      " [0.11967862 0.11967862 0.12298114 0.12238007 0.11967862 0.11967862\n",
      "  0.12193451 0.15398978]\n",
      " [0.11551857 0.11551857 0.13626105 0.11551857 0.11552588 0.11551857\n",
      "  0.12975054 0.15638825]\n",
      " [0.11287623 0.11384714 0.12681376 0.11287623 0.11287623 0.11390296\n",
      "  0.13266725 0.1741402 ]\n",
      " [0.10060617 0.10060617 0.16083363 0.10060617 0.10060617 0.10147118\n",
      "  0.14507105 0.19019944]\n",
      " [0.10692837 0.10692837 0.15915477 0.11535522 0.10692837 0.12129683\n",
      "  0.11595069 0.16745739]\n",
      " [0.09301974 0.09301974 0.21002638 0.09301974 0.09301974 0.09301974\n",
      "  0.10169147 0.22318346]\n",
      " [0.10453796 0.11327903 0.09956596 0.11066995 0.11307692 0.14432713\n",
      "  0.18057699 0.13396607]\n",
      " [0.098454   0.10239767 0.16153246 0.09622187 0.09499207 0.09946474\n",
      "  0.16461363 0.18232357]\n",
      " [0.15125146 0.08494482 0.1187241  0.08412288 0.11385119 0.15211769\n",
      "  0.15264839 0.14233946]\n",
      " [0.10526898 0.0801526  0.11678982 0.09769027 0.12677457 0.0992827\n",
      "  0.17395278 0.20008827]] 0.7990117521367522\n",
      "[[0.11016241 0.11016241 0.12294592 0.11063595 0.15521816 0.11016241\n",
      "  0.11069686 0.17001587]\n",
      " [0.11887585 0.12005856 0.11629576 0.1320568  0.11608203 0.11575686\n",
      "  0.12225434 0.15861979]\n",
      " [0.11740078 0.12989098 0.15962617 0.11559505 0.11663086 0.11768512\n",
      "  0.12516206 0.11800898]\n",
      " [0.11966002 0.11966002 0.12298158 0.12238995 0.11966002 0.11966002\n",
      "  0.12191014 0.15407827]\n",
      " [0.11549594 0.11549594 0.13629374 0.11549594 0.11550116 0.11549594\n",
      "  0.12953773 0.15668363]\n",
      " [0.11284474 0.11383796 0.12675353 0.11284474 0.11284474 0.11387783\n",
      "  0.13282442 0.17417204]\n",
      " [0.10063984 0.10063984 0.16081555 0.10063984 0.10063984 0.1015254\n",
      "  0.14472607 0.19037361]\n",
      " [0.10678926 0.10678926 0.15938845 0.11529868 0.10678926 0.12158371\n",
      "  0.11587669 0.16748468]\n",
      " [0.0930683  0.0930683  0.21015969 0.0930683  0.0930683  0.0930683\n",
      "  0.10091407 0.22358472]\n",
      " [0.1044697  0.11330304 0.09943869 0.11069827 0.11271193 0.14467968\n",
      "  0.18092178 0.13377692]\n",
      " [0.09835347 0.10236293 0.16159265 0.09624481 0.09498687 0.0992055\n",
      "  0.16465724 0.18259653]\n",
      " [0.15137638 0.08531194 0.11855585 0.08382906 0.11369773 0.15179493\n",
      "  0.1525753  0.14285881]\n",
      " [0.10550412 0.07989544 0.11606388 0.09779656 0.12703196 0.09906402\n",
      "  0.1737674  0.20087662]] 0.7989672364672364\n",
      "[[0.11008391 0.11008391 0.12306748 0.11056784 0.15509502 0.11008391\n",
      "  0.11061135 0.17040658]\n",
      " [0.11883795 0.11999834 0.11621871 0.13206482 0.11606605 0.11568066\n",
      "  0.12220677 0.1589267 ]\n",
      " [0.11724856 0.13009418 0.15997662 0.11549819 0.11654438 0.1176066\n",
      "  0.12519354 0.11783793]\n",
      " [0.11964673 0.11964673 0.12298189 0.122397   0.11964673 0.11964673\n",
      "  0.12189273 0.15414147]\n",
      " [0.11547977 0.11547977 0.1363171  0.11547977 0.1154835  0.11547977\n",
      "  0.12938571 0.15689461]\n",
      " [0.11282225 0.1138314  0.12671051 0.11282225 0.11282225 0.11385988\n",
      "  0.13293668 0.17419477]\n",
      " [0.10066389 0.10066389 0.16080263 0.10066389 0.10066389 0.10156414\n",
      "  0.14447965 0.19049802]\n",
      " [0.10675104 0.10675104 0.15922515 0.11517216 0.10675104 0.12185887\n",
      "  0.11589029 0.16760042]\n",
      " [0.09315475 0.09315475 0.20981644 0.09315475 0.09315475 0.09315475\n",
      "  0.10041375 0.22399606]\n",
      " [0.1044643  0.11336731 0.09938898 0.11061815 0.1124977  0.14460814\n",
      "  0.18100338 0.13405204]\n",
      " [0.09835934 0.10255508 0.16154966 0.09621001 0.09493268 0.09909836\n",
      "  0.1646008  0.18269408]\n",
      " [0.15159617 0.08508295 0.11822535 0.08391222 0.11383634 0.15209686\n",
      "  0.15265426 0.14259586]\n",
      " [0.10532737 0.0796625  0.11608313 0.09781153 0.12696834 0.09884658\n",
      "  0.17398688 0.20131366]] 0.7989672364672363\n",
      "[[0.11014011 0.11014011 0.12295433 0.11063199 0.15537117 0.11014011\n",
      "  0.11066307 0.16995911]\n",
      " [0.11881088 0.11995532 0.11616367 0.13207055 0.11605463 0.11562623\n",
      "  0.1221728  0.15914593]\n",
      " [0.11725834 0.13019881 0.16017704 0.11539324 0.11644651 0.11751408\n",
      "  0.12517716 0.11783481]\n",
      " [0.11963723 0.11963723 0.12298212 0.12240204 0.11963723 0.11963723\n",
      "  0.12188029 0.15418661]\n",
      " [0.11542869 0.11542869 0.13628708 0.11542869 0.11543136 0.11542869\n",
      "  0.12957541 0.1569914 ]\n",
      " [0.11280619 0.11382672 0.12667978 0.11280619 0.11280619 0.11384706\n",
      "  0.13301686 0.17421101]\n",
      " [0.10068107 0.10068107 0.1607934  0.10068107 0.10068107 0.10159181\n",
      "  0.14430364 0.19058688]\n",
      " [0.10673078 0.10673078 0.15890937 0.11539471 0.10673078 0.12190175\n",
      "  0.11590766 0.16769418]\n",
      " [0.09316474 0.09316474 0.21000973 0.09316474 0.09316474 0.09316474\n",
      "  0.10000142 0.22416515]\n",
      " [0.10466819 0.11333799 0.0992877  0.11078053 0.11227048 0.14484432\n",
      "  0.18118127 0.13362951]\n",
      " [0.09828586 0.10247537 0.16160493 0.09623634 0.09494445 0.09894379\n",
      "  0.16464807 0.18286119]\n",
      " [0.15183737 0.08507841 0.11836687 0.08379623 0.11384756 0.15199382\n",
      "  0.15259314 0.1424866 ]\n",
      " [0.10578864 0.07951639 0.11582058 0.09797715 0.12746258 0.09897798\n",
      "  0.1730463  0.20141037]] 0.7997240028490028\n",
      "[[0.11010119 0.11010119 0.12278556 0.11059838 0.15504661 0.11010119\n",
      "  0.11062058 0.1706453 ]\n",
      " [0.11881658 0.11994987 0.11614883 0.13210249 0.11607094 0.11561171\n",
      "  0.12217428 0.15912529]\n",
      " [0.11726147 0.13009711 0.15989185 0.11546713 0.11652684 0.11759963\n",
      "  0.12532724 0.11782872]\n",
      " [0.11963045 0.11963045 0.12298228 0.12240563 0.11963045 0.11963045\n",
      "  0.12187141 0.15421886]\n",
      " [0.115412   0.115412   0.13628902 0.115412   0.11541391 0.115412\n",
      "  0.12956152 0.15708754]\n",
      " [0.11281455 0.11384339 0.1266801  0.11281455 0.11281455 0.11385792\n",
      "  0.13292166 0.17425327]\n",
      " [0.10074015 0.10074015 0.16064901 0.10074015 0.10074015 0.10165881\n",
      "  0.14424478 0.19048681]\n",
      " [0.10672653 0.10672653 0.15890865 0.11525933 0.10672653 0.12194405\n",
      "  0.11593116 0.16777722]\n",
      " [0.09322363 0.09322363 0.20970933 0.09322363 0.09322363 0.09322363\n",
      "  0.09976185 0.22441066]\n",
      " [0.10473276 0.11337951 0.09926997 0.11051883 0.11246724 0.1447095\n",
      "  0.18116835 0.13375385]\n",
      " [0.09833202 0.10265736 0.16137964 0.09622445 0.09492258 0.0989325\n",
      "  0.16462932 0.18292213]\n",
      " [0.15207384 0.08511099 0.11836104 0.08385942 0.11390353 0.15218559\n",
      "  0.15241221 0.14209339]\n",
      " [0.10525522 0.07939237 0.11591026 0.09794129 0.12727692 0.0987859\n",
      "  0.17347318 0.20196485]] 0.7991898148148148\n",
      "[[0.11016074 0.11016074 0.12292485 0.11066212 0.15555527 0.11016074\n",
      "  0.11067798 0.16969758]\n",
      " [0.11879561 0.1199207  0.11611376 0.13209746 0.11605812 0.11557698\n",
      "  0.12214959 0.15928778]\n",
      " [0.117151   0.13007124 0.16016908 0.11540874 0.11647202 0.11754749\n",
      "  0.12531362 0.1178668 ]\n",
      " [0.11962561 0.11962561 0.12298239 0.1224082  0.11962561 0.11962561\n",
      "  0.12186507 0.15424189]\n",
      " [0.11540009 0.11540009 0.13629042 0.11540009 0.11540145 0.11540009\n",
      "  0.12955159 0.15715621]\n",
      " [0.11280069 0.11383528 0.12665806 0.11280069 0.11280069 0.11384566\n",
      "  0.13300613 0.1742528 ]\n",
      " [0.10073554 0.10073554 0.16068367 0.10073554 0.10073554 0.10165943\n",
      "  0.14413587 0.19057887]\n",
      " [0.1067286  0.1067286  0.158706   0.11516815 0.1067286  0.12214196\n",
      "  0.11595351 0.16784459]\n",
      " [0.09323985 0.09323985 0.2097137  0.09323985 0.09323985 0.09323985\n",
      "  0.09956329 0.22452374]\n",
      " [0.10481329 0.11329646 0.09915876 0.11080745 0.1124956  0.1448522\n",
      "  0.18121854 0.13335771]\n",
      " [0.09834112 0.10276234 0.16117972 0.09619263 0.09488396 0.09890044\n",
      "  0.16457601 0.18316378]\n",
      " [0.15188163 0.08527036 0.11870371 0.08370582 0.11352449 0.15216219\n",
      "  0.15252572 0.14222608]\n",
      " [0.10566138 0.07947724 0.11546395 0.09813029 0.12776207 0.0991276\n",
      "  0.17211013 0.20226734]] 0.799590455840456\n",
      "[[0.11018718 0.11018718 0.12300637 0.11069149 0.15446763 0.11018718\n",
      "  0.11070281 0.17057015]\n",
      " [0.11880568 0.11992514 0.11611318 0.13212172 0.11607344 0.11557654\n",
      "  0.1221577  0.15922662]\n",
      " [0.11711971 0.13027834 0.16000845 0.115414   0.11648027 0.1175581\n",
      "  0.12535494 0.11778618]\n",
      " [0.1196414  0.1196414  0.12300226 0.12242974 0.1196414  0.1196414\n",
      "  0.12171924 0.15428317]\n",
      " [0.11539157 0.11539157 0.13629141 0.11539157 0.11539254 0.11539157\n",
      "  0.1295445  0.15720526]\n",
      " [0.11279079 0.11382949 0.12664232 0.11279079 0.11279079 0.1138369\n",
      "  0.13306647 0.17425246]\n",
      " [0.10073224 0.10073224 0.16070843 0.10073224 0.10073224 0.10165987\n",
      "  0.14405808 0.19064463]\n",
      " [0.10674736 0.10674736 0.15858687 0.11512162 0.10674736 0.12214125\n",
      "  0.11598826 0.16791991]\n",
      " [0.09325144 0.09325144 0.20971682 0.09325144 0.09325144 0.09325144\n",
      "  0.09942147 0.22460451]\n",
      " [0.10464665 0.11329407 0.09926043 0.11077555 0.1124237  0.14464417\n",
      "  0.18110594 0.13384951]\n",
      " [0.09825998 0.10274554 0.16110613 0.09608427 0.09477192 0.09878951\n",
      "  0.16482711 0.18341554]\n",
      " [0.152023   0.08531482 0.11885166 0.08363879 0.11346094 0.1520223\n",
      "  0.15248306 0.14220542]\n",
      " [0.10519093 0.07938466 0.11553186 0.09807573 0.12718907 0.09891794\n",
      "  0.17308078 0.20262903]] 0.7988336894586894\n",
      "[[0.11011067 0.11011067 0.12328446 0.11061662 0.15477698 0.11011067\n",
      "  0.11062471 0.17036521]\n",
      " [0.11881287 0.11992831 0.11611276 0.13213904 0.11608438 0.11557621\n",
      "  0.12216349 0.15918293]\n",
      " [0.11704974 0.13020069 0.16025237 0.11537079 0.11643876 0.11751783\n",
      "  0.12533341 0.11783642]\n",
      " [0.11965267 0.11965267 0.12301645 0.12244512 0.11965267 0.11965267\n",
      "  0.12161509 0.15431266]\n",
      " [0.11538549 0.11538549 0.13629212 0.11538549 0.11538619 0.11538549\n",
      "  0.12953943 0.15724029]\n",
      " [0.11278371 0.11382535 0.12663107 0.11278371 0.11278371 0.11383065\n",
      "  0.13310957 0.17425222]\n",
      " [0.10071675 0.10071675 0.16070514 0.10071675 0.10071675 0.10164692\n",
      "  0.14436593 0.19041501]\n",
      " [0.10679515 0.10679515 0.15855275 0.11512542 0.10679515 0.12185807\n",
      "  0.11605045 0.16802785]\n",
      " [0.09325773 0.09325773 0.20943783 0.09325773 0.09325773 0.09325773\n",
      "  0.09931805 0.22495545]\n",
      " [0.10462648 0.11324979 0.0991645  0.11100499 0.11233017 0.14463226\n",
      "  0.18119699 0.13379481]\n",
      " [0.0983025  0.10283878 0.16100532 0.09610504 0.09478871 0.09868073\n",
      "  0.16473875 0.18354019]\n",
      " [0.15195327 0.08513858 0.11866706 0.08360764 0.11358858 0.15215401\n",
      "  0.15248312 0.14240775]\n",
      " [0.1057915  0.07939218 0.11568804 0.09825817 0.12723214 0.09899063\n",
      "  0.17210825 0.20253909]] 0.7991007834757835\n",
      "[[0.11015923 0.11015923 0.12310931 0.11066683 0.155144   0.11015923\n",
      "  0.11067261 0.16992956]\n",
      " [0.11879296 0.1199053  0.116088   0.13212356 0.11606772 0.11555163\n",
      "  0.12214188 0.15932895]\n",
      " [0.11699976 0.13014522 0.16042659 0.11533993 0.1164091  0.11748906\n",
      "  0.12531803 0.1178723 ]\n",
      " [0.11966073 0.11966073 0.12302659 0.1224561  0.11966073 0.11966073\n",
      "  0.12154069 0.15433372]\n",
      " [0.11538115 0.11538115 0.13629263 0.11538115 0.11538164 0.11538115\n",
      "  0.12953582 0.15726532]\n",
      " [0.11277866 0.1138224  0.12662304 0.11277866 0.11277866 0.11382618\n",
      "  0.13314036 0.17425205]\n",
      " [0.10069963 0.10069963 0.16069312 0.10069963 0.10069963 0.10163156\n",
      "  0.1443856  0.19049122]\n",
      " [0.10675525 0.10675525 0.15862822 0.1150484  0.10675525 0.12205484\n",
      "  0.1160144  0.16798839]\n",
      " [0.09321058 0.09321058 0.20967669 0.09321058 0.09321058 0.09321058\n",
      "  0.09918933 0.22508108]\n",
      " [0.10466706 0.11327767 0.09914801 0.11064155 0.11217412 0.14508483\n",
      "  0.18135745 0.13364932]\n",
      " [0.09830206 0.1028731  0.16067107 0.09608977 0.09477102 0.09909718\n",
      "  0.16462413 0.18357167]\n",
      " [0.15202215 0.08496685 0.11862764 0.08376175 0.11376882 0.15216553\n",
      "  0.15240061 0.14228666]\n",
      " [0.10520209 0.07936631 0.11575392 0.09821955 0.12671166 0.09887282\n",
      "  0.17294144 0.20293221]] 0.799011752136752\n",
      "[[0.11013262 0.11013262 0.12275446 0.11064112 0.15490926 0.11013262\n",
      "  0.11064525 0.17065204]\n",
      " [0.11880379 0.11991414 0.11609478 0.13214036 0.11608029 0.11555842\n",
      "  0.12215219 0.15925602]\n",
      " [0.11696873 0.13028318 0.16034514 0.11532249 0.11639257 0.11747321\n",
      "  0.12531204 0.11790264]\n",
      " [0.11962792 0.11962792 0.12299419 0.12242449 0.11962792 0.11962792\n",
      "  0.12177062 0.15429902]\n",
      " [0.11537805 0.11537805 0.13629299 0.11537805 0.1153784  0.11537805\n",
      "  0.12953323 0.15728319]\n",
      " [0.11277505 0.11382029 0.1266173  0.11277505 0.11277505 0.11382299\n",
      "  0.13316235 0.17425192]\n",
      " [0.10068739 0.10068739 0.16068453 0.10068739 0.10068739 0.10162058\n",
      "  0.14439965 0.19054566]\n",
      " [0.10672674 0.10672674 0.15868213 0.11499339 0.10672674 0.12219539\n",
      "  0.11598865 0.16796021]\n",
      " [0.0931769  0.0931769  0.2098473  0.0931769  0.0931769  0.0931769\n",
      "  0.09909739 0.22517081]\n",
      " [0.10473612 0.11334093 0.09917413 0.11086299 0.11240289 0.14469647\n",
      "  0.18154156 0.13324492]\n",
      " [0.09821482 0.10294267 0.16050225 0.09612089 0.09479982 0.09891269\n",
      "  0.16483236 0.1836745 ]\n",
      " [0.15205863 0.08483711 0.11874667 0.08375379 0.11373732 0.15216104\n",
      "  0.15232896 0.14237648]\n",
      " [0.10607667 0.07937324 0.11507941 0.09848448 0.12739048 0.09908256\n",
      "  0.17177238 0.20274077]] 0.7998130341880341\n",
      "Running cross validation split 2 of 10...\n",
      "[[0.125 0.125 0.125 0.125 0.125 0.125 0.125 0.125]\n",
      " [0.125 0.125 0.125 0.125 0.125 0.125 0.125 0.125]\n",
      " [0.125 0.125 0.125 0.125 0.125 0.125 0.125 0.125]\n",
      " [0.125 0.125 0.125 0.125 0.125 0.125 0.125 0.125]\n",
      " [0.125 0.125 0.125 0.125 0.125 0.125 0.125 0.125]\n",
      " [0.125 0.125 0.125 0.125 0.125 0.125 0.125 0.125]\n",
      " [0.125 0.125 0.125 0.125 0.125 0.125 0.125 0.125]\n",
      " [0.125 0.125 0.125 0.125 0.125 0.125 0.125 0.125]\n",
      " [0.125 0.125 0.125 0.125 0.125 0.125 0.125 0.125]\n",
      " [0.125 0.125 0.125 0.125 0.125 0.125 0.125 0.125]\n",
      " [0.125 0.125 0.125 0.125 0.125 0.125 0.125 0.125]\n",
      " [0.125 0.125 0.125 0.125 0.125 0.125 0.125 0.125]\n",
      " [0.125 0.125 0.125 0.125 0.125 0.125 0.125 0.125]] 0.761574074074074\n",
      "[[0.11582626 0.11582626 0.12790197 0.11607314 0.13910006 0.11582626\n",
      "  0.11619745 0.1532486 ]\n",
      " [0.12394475 0.12330883 0.12268457 0.12660957 0.12237675 0.12207176\n",
      "  0.12459257 0.13441121]\n",
      " [0.12271495 0.12365655 0.14142273 0.12210158 0.12333977 0.12256054\n",
      "  0.12225386 0.12195001]\n",
      " [0.12352336 0.12352336 0.12481519 0.12432514 0.12352336 0.12352336\n",
      "  0.12432514 0.1324411 ]\n",
      " [0.12176504 0.12176504 0.12910325 0.12176504 0.12237211 0.12252564\n",
      "  0.12608961 0.13461426]\n",
      " [0.12033235 0.12062116 0.12596298 0.12033235 0.12033235 0.12135497\n",
      "  0.12562495 0.14543888]\n",
      " [0.11267577 0.11267577 0.14778285 0.11267577 0.11267577 0.11267577\n",
      "  0.13996206 0.14887622]\n",
      " [0.1182167  0.11875745 0.14234419 0.12131866 0.11835095 0.12001138\n",
      "  0.12058567 0.14041501]\n",
      " [0.11223751 0.11223751 0.15167515 0.11223751 0.11223751 0.11223751\n",
      "  0.13546217 0.15167515]\n",
      " [0.1152455  0.11870201 0.11488744 0.11560857 0.11925183 0.12419822\n",
      "  0.15272398 0.13938246]\n",
      " [0.11477499 0.11419174 0.1440012  0.11442342 0.11419174 0.1153719\n",
      "  0.13802113 0.14502389]\n",
      " [0.13393461 0.1084224  0.12421967 0.10998939 0.11858413 0.1323112\n",
      "  0.13670433 0.13583428]\n",
      " [0.11252281 0.11066488 0.14451486 0.11188622 0.11477715 0.11136907\n",
      "  0.14686469 0.14740031]] 0.7738158831908831\n",
      "[[0.11197348 0.11197348 0.12737177 0.11228552 0.14756653 0.11197348\n",
      "  0.11251062 0.16434512]\n",
      " [0.12278912 0.12186238 0.12064341 0.128016   0.12042353 0.11990144\n",
      "  0.12470938 0.14165475]\n",
      " [0.12118175 0.12376971 0.15071131 0.11997643 0.12225473 0.12091659\n",
      "  0.12132132 0.11986816]\n",
      " [0.12239644 0.12239644 0.12460829 0.12376923 0.12239644 0.12239644\n",
      "  0.12376923 0.13826749]\n",
      " [0.11968838 0.11968838 0.13140336 0.11968838 0.12073345 0.12099776\n",
      "  0.1266218  0.14117849]\n",
      " [0.11756076 0.11806109 0.12595755 0.11756076 0.11756076 0.11903143\n",
      "  0.12605083 0.1582168 ]\n",
      " [0.10533323 0.10533323 0.16015275 0.10533323 0.10533323 0.10544854\n",
      "  0.14927982 0.16378597]\n",
      " [0.11425442 0.11519792 0.15174802 0.12012841 0.11435031 0.11753271\n",
      "  0.11823883 0.14854938]\n",
      " [0.10369008 0.10369008 0.17227455 0.10369008 0.10369008 0.10369008\n",
      "  0.1370005  0.17227455]\n",
      " [0.11061567 0.11511954 0.10907971 0.11127077 0.11551227 0.12931768\n",
      "  0.17039715 0.1386872 ]\n",
      " [0.10900442 0.1082151  0.15357654 0.10765051 0.10712751 0.10993586\n",
      "  0.14678684 0.15770322]\n",
      " [0.14012352 0.09730925 0.12319074 0.10025503 0.11655702 0.13855421\n",
      "  0.14314297 0.14086726]\n",
      " [0.1059489  0.10029828 0.14842403 0.10411208 0.11362919 0.10500666\n",
      "  0.1600586  0.16252226]] 0.7820067663817662\n",
      "[[0.11054943 0.11054943 0.12675928 0.11091416 0.15134637 0.11054943\n",
      "  0.11107495 0.16825693]\n",
      " [0.1217332  0.12075763 0.11911551 0.12911501 0.11895846 0.11828192\n",
      "  0.12488253 0.14715574]\n",
      " [0.12022564 0.12416267 0.1557377  0.11859431 0.12162133 0.11988074\n",
      "  0.12095461 0.118823  ]\n",
      " [0.12154299 0.12154299 0.12441017 0.12332252 0.12154299 0.12154299\n",
      "  0.12332252 0.14277282]\n",
      " [0.11824965 0.11824965 0.13291848 0.11824965 0.11960841 0.11995205\n",
      "  0.12705178 0.14572035]\n",
      " [0.11596078 0.11661572 0.12555266 0.11596078 0.11596078 0.11791229\n",
      "  0.12628437 0.16575262]\n",
      " [0.10249122 0.10249122 0.1653105  0.10249122 0.10249122 0.1028271\n",
      "  0.1503304  0.17156713]\n",
      " [0.11197792 0.11279276 0.15708755 0.11866024 0.11204641 0.11650337\n",
      "  0.117463   0.15346875]\n",
      " [0.09834104 0.09834104 0.18813395 0.09834104 0.09834104 0.09834104\n",
      "  0.13111671 0.18904415]\n",
      " [0.10824343 0.11327385 0.10543887 0.11023859 0.11640895 0.13490243\n",
      "  0.17708907 0.13440481]\n",
      " [0.10572939 0.10635133 0.15715935 0.10325625 0.10251906 0.10652403\n",
      "  0.15252981 0.16593077]\n",
      " [0.14429582 0.09137829 0.12132442 0.09389123 0.11567293 0.14276744\n",
      "  0.14645256 0.14421731]\n",
      " [0.10401841 0.09291082 0.14190533 0.10167595 0.1185788  0.10295449\n",
      "  0.16511403 0.17284217]] 0.7882389601139601\n",
      "[[0.11015488 0.11015488 0.12705054 0.11056014 0.15454996 0.11015488\n",
      "  0.11053025 0.16684446]\n",
      " [0.12092812 0.11991814 0.11797492 0.12984371 0.11786274 0.11707635\n",
      "  0.12495271 0.15144332]\n",
      " [0.11953847 0.12460476 0.15887879 0.11760295 0.12116459 0.11913662\n",
      "  0.12084749 0.11822632]\n",
      " [0.12093339 0.12093339 0.12426866 0.12300343 0.12093339 0.12093339\n",
      "  0.12300343 0.14599092]\n",
      " [0.1173244  0.1173244  0.1337617  0.1173244  0.11875452 0.11930993\n",
      "  0.12730374 0.14889691]\n",
      " [0.11501809 0.11578534 0.12532072 0.11501809 0.11501809 0.1173187\n",
      "  0.12650952 0.17001146]\n",
      " [0.10121691 0.10121691 0.16689589 0.10121691 0.10121691 0.10171738\n",
      "  0.14966923 0.17684986]\n",
      " [0.11042986 0.11115318 0.16057664 0.11739238 0.11047879 0.11615533\n",
      "  0.11714718 0.15666663]\n",
      " [0.09547452 0.09547452 0.19806939 0.09547452 0.09547452 0.09547452\n",
      "  0.12251112 0.20204691]\n",
      " [0.10690655 0.11190181 0.10291817 0.10987759 0.11636987 0.13881798\n",
      "  0.18126374 0.13194429]\n",
      " [0.1034719  0.10578777 0.15920127 0.10044084 0.0995462  0.10391039\n",
      "  0.15567762 0.17196401]\n",
      " [0.14718058 0.08760575 0.12022876 0.09024346 0.11482203 0.14608888\n",
      "  0.14811268 0.14571786]\n",
      " [0.10405765 0.08808652 0.13385599 0.10077628 0.12255801 0.10168953\n",
